taxa	species	body_size	body_size_st	degree	normalized.degree	betweenness	nested_contribution	betweenness_igraph
sm	Caluromys_philander	144.5	11.1252634	6	0.24	0.087344029	1.48444741	0.006125612
sm	Didelphis_marsupialis	1298.845652	100	11	0.44	0.006535948	0.64277117	0.027418758
sm	Euryoryzomys_macconnelli	69.34	5.338586605	4	0.16	0	0.49773041	0.003261569
sm	Guerlinguetus_aestuans	170.1666667	13.10137709	3	0.12	0.087344029	1.95924737	0.001549008
sm	Hylaeamys_megacephalus	51.25288462	3.946033506	17	0.68	0.087344029	0.73765494	0.121423451
sm	Isotrix_pagurus	146.3	11.263848	4	0.16	0	0.89934235	0.002912466
sm	Marmosa_demerarae	94.57984496	7.281838671	19	0.76	0.087344029	3.26194076	0.111773071
sm	Marmosa_murina	43.21111111	3.326885765	10	0.4	0.087344029	-0.66054317	0.041251895
sm	Marmosops_parvidens	21.64	1.66609481	12	0.48	0.087344029	2.55752925	0.029094976
sm	Marmosops_pinheiroi	27.5333	2.119828477	5	0.2	0.087344029	2.02013629	0.004177118
sm	Mesomys_hispidus	109.462963	8.427711394	13	0.52	0.087344029	-0.58205188	0.056825351
sm	Metachirunus_nudicaudatus	288	22.17353537	7	0.28	0.006535948	1.58111357	0.006625706
sm	Monodelphis_arlindoi	87.16666667	6.711087383	6	0.24	0.006535948	0.64235783	0.00834341
sm	Neacomys_paracou	17.431	1.34203783	1	0.04	0	1.13290421	0
sm	Neacomys_guianae	10.14286	0.78091342	2	0.08	0.006535948	2.12228261	0.000236798
sm	Oecomys_sp.1	45.28	3.486172505	15	0.6	0.087344029	3.90778099	0.090217397
sm	Oecomys_cf._rex	30.4	2.340539844	5	0.2	0.006535948	0.05814735	0.011983125
sm	Philander_opossum	411.28	31.66504037	18	0.72	0.087344029	2.23353819	0.102514375
sm	Proechimys_sp.	213.8810811	16.4670129	15	0.6	0.087344029	2.9708139	0.054400584
sm	Rhipidomys_leucodactylus	46.5	3.580102064	6	0.24	0.006535948	1.0986584	0.005911841
liz	Kentropyx_spp.	95	21.11111111	25	1	0.13492063	3.0198419	0.292375401
liz	Arthrosaura_reticulata	54.3	12.06666667	20	0.8	0.13492063	2.1021174	0.121043344
liz	Leposoma_spp.	33.8	7.511111111	15	0.6	0.13492063	1.5075624	0.057247327
liz	Gonatodes_humeralis	37.3	8.288888889	10	0.4	0.03703704	0.668705	0.022442333
liz	Ameiva_ameiva	170.5	37.88888889	18	0.72	0.13492063	2.1426791	0.085114143
liz	Copeoglossum_nigropuntactum	95	21.11111111	10	0.4	0.07936508	1.0266484	0.024817296
liz	Norops_spp.	45.1	10.02222222	8	0.32	0.13492063	1.093946	0.017843211
liz	Plica_umbra	87.5	19.44444444	16	0.64	0.13492063	1.0630083	0.073353242
liz	Pseudogonatodes_guianensis	30	6.666666667	10	0.4	0.03703704	1.1316732	0.020288039
liz	Amphisbaena_fuliginosa	450	100	5	0.2	0	0.8231221	0.003206857
liz	Chatogekus_amazonicus	21.5	4.777777778	5	0.2	0.03703704	1.5207686	0.004232978
liz	Ptychoglossus_brevifrontalis	62	13.77777778	1	0.04	0	1.1785027	0
liz	Tetrioscincus_agilis	46.1	10.24444444	5	0.2	0	0.8789898	0.003498135
liz	Bachia_panoplia	82	18.22222222	1	0.04	0	0.4850631	0
mid.large	Alouatta_macconelli	6.15	3.8409375	20	0.8	0.06666667	1.6329885	0.058868685
mid.large	Ateles_paniscus	7.9	4.9375625	17	0.68	0.06666667	1.858602	0.023776518
mid.large	Cabassous	4.8	3	1	0.04	0	-0.3773966	0
mid.large	Chiropotes_sagulatus	3.1	1.9375	13	0.52	0.06666667	1.9061145	0.009616343
mid.large	Pithecia_pithecia	1.38	0.8596875	11	0.44	0	1.3022314	0.005579457
mid.large	Saguinus_midas	0.54	0.3375	9	0.36	0	1.8365911	0.002621082
mid.large	Saimiri_sciureus	0.9	0.5625	10	0.4	0.06666667	1.7274798	0.005105814
mid.large	Sapajus_apella	2.75	1.71875	17	0.68	0.06666667	2.0442168	0.023164831
mid.large	Nasua_nasua	3.79	2.371125	6	0.24	0	1.7508275	0.00089554
mid.large	Tamandua_tetradactyla_	5.52	3.4469375	8	0.32	0.06666667	0.7156364	0.005158683
mid.large	Cuniculus_paca	9	5.625	19	0.76	0.06666667	1.6910651	0.045809972
mid.large	Dasyprocta_leporina	3.5	2.1875	15	0.6	0.06666667	1.8670931	0.02285116
mid.large	Dasypus_kappleri	9.5	5.9375	4	0.16	0	0.4161049	0.000778608
mid.large	Dasypus_novemcinctus_	3.5	2.1875	25	1	0.06666667	2.5240507	0.13947007
mid.large	Eira_barbara	3.91	2.44375	9	0.36	0	1.5915333	0.002980671
mid.large	Leopardus_pardalis	11.9	7.4375625	18	0.72	0.06666667	1.5196992	0.033809302
mid.large	Leopardus_wiedii_	3.25	2.03125	8	0.32	0	1.6407829	0.002627136
mid.large	Mazama_americana	22.8	14.2498125	13	0.52	0.06666667	1.8776684	0.010525272
mid.large	Mazama_nemorivaga	16.3	10.1875625	10	0.4	0	1.5344935	0.004276113
mid.large	Myoprocta_acouchy	0.95	0.59375	21	0.84	0.06666667	2.5489108	0.047206707
mid.large	Myrmecophaga_tridactyla_	22.33	13.95825	14	0.56	0.06666667	2.0270535	0.014030782
mid.large	Panthera_onca	80	50	11	0.44	0	1.6359934	0.006175103
mid.large	Pecari_tajacu	21.27	13.2916875	12	0.48	0.06666667	1.9250546	0.007806484
mid.large	Priodontes_maximus_	38	23.75	4	0.16	0	1.4137938	0.000356855
mid.large	Puma_concolor	51.6	32.25	12	0.48	0	1.3937681	0.007979246
mid.large	Puma_yaguaroundi	6.75	4.2186875	4	0.16	0	1.3507883	0.000346541
mid.large	Tapirus_terrestris	160	100	18	0.72	0.06666667	1.4730608	0.030831636
mid.large	Tayassu_pecari	32.23	20.1460625	3	0.12	0	1.6251009	0.000171905
birds	Amazilia_versicolor	4.1	1.137751138	3	0.12	0.0015	-1.74608309	8.29E-04
birds	Ammodramus_aurifrons	17.8	4.93950494	1	0.04	0	-1.78920863	0.00E+00
birds	Arremon_taciturnus	24.8	6.882006882	1	0.04	0	1.63490347	0.00E+00
birds	Attila_spadiceus	39.1	10.85026085	10	0.4	0.0283	1.9136515	1.44E-02
birds	Automolus_infuscatus	32.9	9.12975913	2	0.08	0.0033	1.66078313	7.06E-04
birds	Automolus_ochrolaemus	40.2	11.15551116	2	0.08	0.0004	-0.38467992	7.85E-05
birds	Bucco_tamatia	54	14.98501499	1	0.04	0	-1.09639977	0.00E+00
birds	Cacicus_cela	85.45	23.71239871	1	0.04	0	-1.32123642	0.00E+00
birds	Campephilus_rubricollis	210.71	58.47208347	1	0.04	0	1.40979567	0.00E+00
birds	Campylopterus_largipennis	8.3	2.303252303	2	0.08	0.0005	-0.34266589	1.04E-04
birds	Catharus_fuscescens	31.9	8.852258852	2	0.08	0.0013	-0.3470789	2.84E-04
birds	Celeus_elegans	134.97	37.45421245	9	0.36	0.011	-0.5916956	8.41E-03
birds	Ceratopipra_erythrocephala	13.43	3.726828727	7	0.28	0.042	1.21217422	2.42E-02
birds	Cercomacroides_tyrannina	16.3	4.523254523	2	0.08	0.0028	0.32962218	5.10E-04
birds	Certhiasomus_stictolaemus	18.5	5.133755134	6	0.24	0.0072	2.02885281	3.27E-03
birds	Chloroceryle_aenea	13.75	3.815628816	2	0.08	0.0054	1.35923829	1.18E-03
birds	Coccycua_minuta	39.3	10.90576091	1	0.04	0	-0.0070766	0.00E+00
birds	Coereba_flaveola	10.01	2.777777778	2	0.08	0.0102	-0.82335945	3.77E-03
birds	Conopophaga_aurita	26.3	7.298257298	2	0.08	0.002	0.45499068	3.97E-04
birds	Corythopis_torquatus	14.3	3.968253968	2	0.08	0.0012	1.52402697	3.36E-04
birds	Cyanerpes_caeruleus	12	3.33000333	1	0.04	0	-0.68247105	0.00E+00
birds	Cyanoloxia_rothschildii	32.5	9.018759019	3	0.12	0.0069	1.04459876	1.80E-03
birds	Cymbilaimus_lineatus	35.8	9.934509935	1	0.04	0	0.4282169	0.00E+00
birds	Cyphorhinus_arada	20.9	5.7997558	1	0.04	0	0.48343185	0.00E+00
birds	Dendrocincla_fuliginosa	38.7	10.73926074	14	0.56	0.0365	1.58103884	2.40E-02
birds	Dendrocolaptes_certhia	68.7	19.06426906	15	0.6	0.0486	2.1697208	3.06E-02
birds	Dixiphia_pipra	11.11	3.083028083	19	0.76	0.0582	2.7118473	4.88E-02
birds	Dryocopus_lineatus	183.19	50.83527584	1	0.04	0	-1.40256018	0.00E+00
birds	Epinecrophylla_gutturalis	9.2	2.553002553	3	0.12	0.0024	1.51609977	7.58E-04
birds	Formicarius_analis	62.19	17.25774226	4	0.16	0.004	1.50673723	1.28E-03
birds	Formicarius_colma	47	13.04251304	5	0.2	0.0079	1.49846628	3.00E-03
birds	Florisuga_mellivora	7.4	2.053502054	2	0.08	0.0001	-0.38119751	2.42E-05
birds	Galbula_albirostris	22.1	6.132756133	9	0.36	0.0113	1.91556774	6.65E-03
birds	Geotrygon_montana	133.86	37.14618715	3	0.12	0.0032	-0.71769151	8.10E-04
birds	Glaucidium_hardyi	58.3	16.17826618	3	0.12	0.0036	-1.64878745	1.32E-03
birds	Glaucis_hirsutus	6.76	1.875901876	5	0.2	0.0045	-0.79153314	1.91E-03
birds	Glyphorynchus_spirurus	14.6	4.051504052	14	0.56	0.0299	2.75158984	2.08E-02
birds	Gymnopithys_rufigula	29.1	8.075258075	2	0.08	0.0012	1.88950856	3.36E-04
birds	Heliothryx_auritus	5.4	1.498501499	3	0.12	0.0024	-1.23976159	6.85E-04
birds	Hemitriccus_zosterops	8.72	2.41980242	1	0.04	0	1.41900283	0.00E+00
birds	Henicorhina_leucosticta	14.18	3.934953935	3	0.12	0.0033	1.09550087	9.93E-04
birds	Hylophylax_naevius	14.2	3.940503941	2	0.08	0.0069	1.00523602	1.68E-03
birds	Hypocnemis_cantator	12.29	3.41047841	11	0.44	0.0241	2.26697454	1.38E-02
birds	Isleria_guttata	11	3.052503053	12	0.48	0.0231	1.90766495	1.47E-02
birds	Jacamerops_aureus	62.9	17.45476745	1	0.04	0	0.32729143	0.00E+00
birds	Lanio_fulvus	24	6.66000666	1	0.04	0	1.66170632	0.00E+00
birds	Lanio_surinamus	19	5.272505273	11	0.44	0.0203	-0.2686574	9.74E-03
birds	Lepidothrix_serena	11.4	3.163503164	3	0.12	0.0049	1.58288939	1.24E-03
birds	Leptotila_rufaxilla	157	43.56754357	14	0.56	0.0489	1.329082	4.05E-02
birds	Leucopternis_melanops	312	86.58008658	2	0.08	0.0006	-1.26564081	1.63E-04
birds	Lipaugus_vociferans	75.42	20.92907093	1	0.04	0	-1.48752893	0.00E+00
birds	Lophotriccus_galeatus	6.6	1.831501832	1	0.04	0	-0.04602709	0.00E+00
birds	Lophotriccus_vitiosus	6.7	1.859251859	1	0.04	0	-1.04451349	0.00E+00
birds	Malacoptila_fusca	45.4	12.5985126	2	0.08	0.0012	1.76096255	3.36E-04
birds	Manacus_manacus	16.7	4.634254634	2	0.08	0.0054	1.40302988	1.18E-03
birds	Micrastur_gilvicollis	209	57.997558	2	0.08	0.0033	1.69583065	7.06E-04
birds	Micrastur_ruficollis	177.64	49.2951493	1	0.04	0	-0.53958361	0.00E+00
birds	Mionectes_macconnelli	13.5	3.746253746	8	0.32	0.0256	1.78480242	1.07E-02
birds	Mionectes_oleagineus	11.17	3.0996781	8	0.32	0.0066	1.48161387	4.38E-03
birds	Momotus_momota	114.96	31.9014319	7	0.28	0.0229	0.4818322	1.23E-02
birds	Monasa_atra	90.4	25.08602509	5	0.2	0.0043	-0.37981057	2.53E-03
birds	Myiarchus_ferox	27.5	7.631257631	1	0.04	0	-1.47695057	0.00E+00
birds	Myiarchus_tuberculifer	17.7	4.911754912	1	0.04	0	1.35702188	0.00E+00
birds	Myiobius_barbatus	11.9	3.302253302	5	0.2	0.0113	2.00891799	4.38E-03
birds	Myrmornis_torquata	46.7	12.95926296	1	0.04	0	1.32978686	0.00E+00
birds	Myrmothera_campanisona	47	13.04251304	1	0.04	0	1.69650919	0.00E+00
birds	Myrmotherula_axillaris	8.09	2.244977245	20	0.8	0.0608	2.47100967	6.75E-02
birds	Myrmotherula_longipennis	9.4	2.608502609	1	0.04	0	1.42837838	0.00E+00
birds	Myrmotherula_menetriesii	8.6	2.386502387	3	0.12	0.0038	0.97460567	1.35E-03
birds	Myrmoderus_ferrugineus	26.1	7.242757243	4	0.16	0.0057	1.44845338	1.69E-03
birds	Nasica_longirostris	92	25.53002553	1	0.04	0	-1.43040423	0.00E+00
birds	Onychorhynchus_coronatus	14	3.885003885	3	0.12	0.0024	-0.31423232	5.44E-04
birds	Percnostola_rufifrons	23.89	6.629481629	12	0.48	0.0283	2.30046265	1.83E-02
birds	Phaethornis_ruber	2.4	0.666000666	10	0.4	0.0322	1.45871538	1.58E-02
birds	Phaethornis_superciliosus	6.3	1.748251748	11	0.44	0.0184	2.26896122	1.29E-02
birds	Phaethornis_bourcieri	4.3	1.193251193	6	0.24	0.0096	2.04115241	4.31E-03
birds	Pheugopedius_coraya	17.2	4.773004773	3	0.12	0.0049	1.54207278	1.44E-03
birds	Philydor_erythrocercum	25.27	7.012432012	3	0.12	0.0009	-0.37945269	2.52E-04
birds	Philydor_pyrrhodes	30.5	8.463758464	3	0.12	0.0043	1.34287433	1.13E-03
birds	Platyrinchus_coronatus	9.14	2.536352536	4	0.16	0.0066	1.77425384	2.15E-03
birds	Platyrinchus_platyrhynchos	12	3.33000333	1	0.04	0	1.54860229	0.00E+00
birds	Platyrinchus_saturatus	10.7	2.969252969	3	0.12	0.0035	1.29298382	1.13E-03
birds	Pithys_albifrons	19.47	5.402930403	4	0.16	0.0066	2.00508179	2.15E-03
birds	Pteroglossus_viridis	135	37.46253746	1	0.04	0	-1.24059017	0.00E+00
birds	Ramphastos_vitellinus	360.36	100	2	0.08	0.0011	-0.25034811	2.57E-04
birds	Ramphocelus_carbo	25.92	7.192807193	4	0.16	0.0172	-0.86118946	8.13E-03
birds	Ramphotrigon_ruficauda	18.4	5.106005106	2	0.08	0.0002	-0.55325696	6.76E-05
birds	Rhynchocyclus_olivaceus	21.3	5.910755911	3	0.12	0.0018	0.8157047	5.95E-04
birds	Rhytipterna_simplex	31.8	8.824508825	3	0.12	0.0028	-0.20047059	6.45E-04
birds	Saltator_grossus	44.2	12.26551227	1	0.04	0	1.61577704	0.00E+00
birds	Saltator_maximus	47.62	13.21456321	1	0.04	0	-0.23049714	0.00E+00
birds	Schiffornis_turdina	31.7	8.796758797	5	0.2	0.0017	-0.07557934	8.04E-04
birds	Sclerurus_caudacutus	36.23	10.05383505	1	0.04	0	1.40223879	0.00E+00
birds	Sclerurus_macconnelli	25.1	6.965256965	1	0.04	0	1.39100197	0.00E+00
birds	Sclerurus_rufigularis	21.6	5.994005994	5	0.2	0.0055	1.37077906	2.26E-03
birds	Sittasomus_griseicapillus	13.12	3.640803641	1	0.04	0	-1.57139596	0.00E+00
birds	Sporophila_angolensis	13	3.607503608	7	0.28	0.0362	0.00142536	2.75E-02
birds	Synallaxis_rutilans	16.7	4.634254634	1	0.04	0	0.64566841	0.00E+00
birds	Tangara_palmarum	39	10.82251082	2	0.08	0.0003	-1.89435741	1.83E-04
birds	Terenotriccus_erythrurus	7.4	2.053502054	3	0.12	0.0091	1.41421774	2.40E-03
birds	Thalurania_furcata	4.19	1.162726163	16	0.64	0.0447	2.68822379	3.66E-02
birds	Thamnomanes_ardesiacus	17.7	4.911754912	4	0.16	0.0031	1.46037614	1.10E-03
birds	Thamnomanes_caesius	15.7	4.356754357	5	0.2	0.0059	1.36342968	2.42E-03
birds	Thamnophilus_melanothorax	31.8	8.824508825	1	0.04	0	1.64689679	0.00E+00
birds	Thamnophilus_murinus	19.3	5.355755356	7	0.28	0.0124	1.141292	4.60E-03
birds	Thamnophilus_punctatus	19.4	5.383505384	1	0.04	0	1.25506447	0.00E+00
birds	Tolmomyias_assimilis	17	4.717504718	1	0.04	0	1.37931233	0.00E+00
birds	Tolmomyias_poliocephalus	10.8	2.997002997	2	0.08	0.0006	-1.48315966	1.93E-04
birds	Troglodytes_musculus	10.85	3.010878011	6	0.24	0.0219	-0.91116183	1.41E-02
birds	Trogon_rufus	53.8	14.92951493	3	0.12	0.0035	0.90512774	9.52E-04
birds	Trogon_viridis	89.69	24.88899989	1	0.04	0	-1.68205106	0.00E+00
birds	Tunchiornis_ochraceiceps	11.6	3.219003219	2	0.08	0.0012	1.54918486	3.36E-04
birds	Turdus_albicollis	54	14.98501499	12	0.48	0.017	1.91946071	1.28E-02
birds	Tyranneutes_virescens	7.18	1.992451992	1	0.04	0	-1.22960381	0.00E+00
birds	Willisornis_poecilinotus	18.4	5.106005106	9	0.36	0.0172	1.6801972	8.02E-03
birds	Xenops_minutus	10.6	2.941502942	5	0.2	0.0118	1.66447981	4.20E-03
birds	Xiphorhynchus_obsoletus	32.6	9.046509047	3	0.12	0.0047	-0.20368748	1.22E-03
birds	Xiphorhynchus_pardalotus	34.57	9.593184593	17	0.68	0.0416	2.47826545	3.32E-02
birds	Zebrilus_undulatus	123	34.13253413	1	0.04	0	-0.08880491	0.00E+00
frogs	Adenomera_andreae	28	11.61825726	18	0.72	0.052938217	2.2902506	0.063084143
frogs	Adenomera_hylaedactyla	30	12.44813278	7	0.28	0.03093747	0.9758438	0.010208103
frogs	Ameerega_hahneli	23	9.543568465	6	0.24	0.042147299	1.6646096	0.00953475
frogs	Ameerega_trivittata	49.5	20.53941909	20	0.8	0.093384645	2.7024455	0.082844412
frogs	Anomaloglossus_stepheni	18.24	7.56846473	12	0.48	0.111715379	1.135095	0.08240645
frogs	Atelopus_hoogmoedi	41.2	17.09543568	2	0.08	0.000755051	0.7928137	0.000364927
frogs	Boana_boans	132	54.77178423	12	0.48	0.124634645	2.445385	0.058751891
frogs	Boana_calcarata	61	25.31120332	11	0.44	0.034360656	1.8031201	0.022256916
frogs	Boana_cinerascens	36.2	15.02074689	14	0.56	0.036164976	1.0406659	0.035261699
frogs	Boana_fasciata	51.2	21.24481328	3	0.12	0.000755051	0.7494947	0.000705998
frogs	Boana_lanciformis	94	39.00414938	3	0.12	0.007601076	1.4000761	0.00126178
frogs	Ceratophrys_cornuta	120	49.79253112	3	0.12	0.029318947	1.8707494	0.003039117
frogs	Chiasmocleis_shudikarensis	32	13.2780083	3	0.12	0.013753788	-0.1395512	0.002190042
frogs	Dendropsophus_brevifrons	25	10.37344398	20	0.8	0.093384645	2.7075282	0.088568538
frogs	Dendropsophus_minusculus	24	9.958506224	19	0.76	0.074509645	1.9928238	0.084982562
frogs	Dendropsophus_parviceps	27	11.2033195	1	0.04	0	2.0087968	0
frogs	Elachistocleis_bicolor	43	17.84232365	8	0.32	0.034360656	1.5760698	0.013165556
frogs	Leptodactylus_cf_knudseni	51.6	68.46473029	4	0.16	0.008729289	-0.584793	0.003930904
frogs	Leptodactylus_cf_pentadactylus	165	76.76348548	10	0.4	0.052938217	2.4469358	0.01997153
frogs	Leptodactylus_longirostris	185	21.41078838	1	0.04	0	0.7701433	0
frogs	Leptodactylus_stenodema	146	60.58091286	1	0.04	0	0.6224141	0
frogs	Osteocephalus_oophagus	62.7	26.01659751	6	0.24	0.017586222	0.4348194	0.005965856
frogs	Osteocephalus_taurinus	103.9	43.1120332	4	0.16	0.013134667	1.2512441	0.002806151
frogs	Phyllomedusa_vaillantii	84	34.85477178	1	0.04	0	0.3899096	0
frogs	Pristimantis_fenestratus	55	22.82157676	5	0.2	0.032781104	1.6931966	0.005805256
frogs	Pristimantis_ockendeni	29.5	12.2406639	8	0.32	0.01955258	-0.4203026	0.008957807
frogs	Pristimantis_zimmermanae	25.8	10.70539419	19	0.76	0.07014655	2.1858538	0.083515047
frogs	Rhaebo_guttatus	140	58.09128631	1	0.04	0	-1.2175804	0
frogs	Rhinella_marina	241	100	1	0.04	0	-2.4507409	0
frogs	Rhinella_merianae	90	37.34439834	1	0.04	0	1.1419342	0
frogs	Scinax_garbei	49.1	20.37344398	1	0.04	0	-0.4194914	0
frogs	Scinax_ruber	45	18.67219917	2	0.08	0.002541344	1.0292489	0.000387204
frogs	Synapturanus_mirandaribeiroi	42	17.42738589	4	0.16	0.001867882	0.9275193	0.001441897
frogs	Trachycephalus_coriaceus	66	27.38589212	1	0.04	0	-0.6329201	0
frogs	Trachycephalus_resinifictrix	88	36.51452282	1	0.04	0	0.5207559	0
beetles	Ateuchus.sp.1	0.011	27.38589212	2	0.10526316	0.0467071	0.60534066	0.008848675
beetles	Ateuchus.sp.2	0.011	36.51452282	8	0.42105263	0.033168801	-0.35908915	0.059669103
beetles	Canthidium.deyrollei	0.012	1.714285714	1	0.05263158	0	0.32348587	0
beetles	Canthidium.dohrni	0.03	4.285714286	2	0.10526316	0.007400905	0.0213724	0.001402519
beetles	Canthidium.gerstaeckeri	0.013	1.857142857	2	0.10526316	0.0467071	0.9258525	0.008848675
beetles	Canthidium.sp.1	0.01	1.428571429	3	0.15789474	0.00102173	-1.38500601	0.003684375
beetles	Canthidium.sp.2	0.01	1.428571429	3	0.15789474	0.003324202	-0.77787713	0.003698231
beetles	Canthon.aff..juvencus	0.0031	0.442857143	1	0.05263158	0	-1.67476911	0
beetles	Canthon.sordidus	0.011	1.571428571	4	0.21052632	0.050144172	1.19195984	0.013115546
beetles	Canthon.triangularis	0.04	5.714285714	7	0.36842105	0.037334152	0.6674303	0.037827769
beetles	Coprophanaeus.parvulus	0.22	31.42857143	3	0.15789474	0.037334152	1.26645286	0.007364726
beetles	Cryptocanthon.peckorum	0.001	0.142857143	1	0.05263158	0	-0.59805447	0
beetles	Delthochilum.sp.1	0.03	4.285714286	9	0.47368421	0.073712182	-0.57084433	0.078946692
beetles	Delthochilum.sp.2	0.03	4.285714286	2	0.10526316	0.001915433	0.53633838	0.001844702
beetles	Delthochilum.sp.3	0.03	4.285714286	4	0.21052632	0.192958026	0.85055177	0.080930243
beetles	Dichotomius.aff..lucasi	0.08	11.42857143	4	0.21052632	0.037334152	0.55566669	0.01490569
beetles	Dichotomius.boreus	0.7	100	5	0.26315789	0.005946125	-0.1207214	0.049156665
beetles	Dichotomius.mamillatus	0.37	52.85714286	1	0.05263158	0	-0.43045863	0
beetles	Dichotomius.subaeneus	0.26	37.14285714	1	0.05263158	0	-0.51795714	0
beetles	Eurysternus.atrosericus	0.00683	0.975714286	6	0.31578947	0.149623339	1.56344051	0.061717771
beetles	Eurysternus.balachowskyi	0.02743	3.918571429	2	0.10526316	0.0467071	0.94600937	0.008848675
beetles	Eurysternus.caribaeus	0.11	15.71428571	2	0.10526316	0.011586721	0.89860888	0.002431136
beetles	Eurysternus.ventricosus	0.01	1.428571429	1	0.05263158	0	1.68765117	0
beetles	Ontherus.carinifrons	0.04	5.714285714	2	0.10526316	0	-0.5724155	0.001478992
beetles	Onthophagus.rubrescens	0.00373	0.532857143	3	0.15789474	0.009307643	-0.5846857	0.00421045
beetles	Onthophagus.sp.1	0.00663	0.947142857	13	0.68421053	0.050144172	1.11339093	0.159021557
beetles	Oxysternon.festivum..viridanum	0.3152	45.02857143	1	0.05263158	0	-1.33286793	0
beetles	Phanaeus.cambeforti	0.03313	4.732857143	1	0.05263158	0	1.63461128	0
beetles	Phanaeus.chalcomelas	0.16797	23.99571429	3	0.15789474	0.027217865	1.09860459	0.006779578
beetles	Scybalocanthon.cyanocephalus	0.01763	2.518571429	1	0.05263158	0	1.5945434	0
beetles	Scybalocanthon.pygidialis	0.02317	3.31	4	0.21052632	0.090563937	1.00228063	0.028040881
beetles	Sinapisoma.sp.	0.00083	0.118571429	1	0.05263158	0	0.07492047	0
beetles	Uroxys.sp.1	0.00113	0.161428571	8	0.42105263	0.039840991	0.27140995	0.054482253
bees	eg_avicula	10.732	41.38829972	24	0.96	0.116241089	3.0382887	0.144273008
bees	el_bombiformis	25.931	100.0016527	25	1	0.116241089	2.69359287	0.163987569
bees	eg_chalybeata	13.13	50.63437584	12	0.48	0.064631742	1.19428157	0.026130972
bees	eg_cognata	12.187	46.99651641	4	0.16	0.013033109	0.97244773	0.0019553
bees	eg_crassipunctata	8.852	34.13674752	11	0.44	0.084460832	1.06167034	0.02688947
bees	eg_ignita	12.073	46.55817361	13	0.52	0.116241089	1.69713313	0.036483348
bees	eg_intersecta	16.459	63.4729346	9	0.36	0.067470146	1.13635075	0.01632424
bees	eg_irisa	9.734	37.53979578	2	0.08	0.00206044	-0.68045674	0.000524929
bees	el_meriana	24.68	95.17565848	25	1	0.116241089	2.65927616	0.163987569
bees	el_mocsaryi	18.26	70.41764683	13	0.52	0.08563593	1.56805759	0.037754635
bees	ex_smaragdina	17.671	68.14623424	7	0.28	0.023724501	-0.48771593	0.008864424
bees	ex_frontalis	23.424	90.33203502	8	0.32	0.04653009	0.72198135	0.011763431
bees	eg_imperialis	12.775	49.26535807	7	0.28	0.026994957	-0.44069528	0.007702369
bees	eg_iopyrrha	10.65	41.07053334	3	0.12	0.003217847	-0.75581376	0.001089289
bees	eg_orellana	13.44	51.82985616	11	0.44	0.052311616	0.11621777	0.022338666
bees	el_cingulata	20.73	79.94292546	5	0.2	0.011065324	-1.74207954	0.005060627
bees	eg_retroviridis	11.44	44.11707994	3	0.12	0.007431457	-1.2022567	0.001503124
bees	eg_mourei	9.411	36.29246847	5	0.2	0.022239258	0.06209638	0.003985647
bees	eg_augaspis	9.517	36.70124561	4	0.16	0.012075617	0.61360224	0.002099858
bees	eg_bidentata	10.503	40.50492974	1	0.04	0	-0.41388159	0
bees	eg_piliventris	13.88	53.52666692	1	0.04	0	0.32338083	0
bees	eg_prasina	9.215	35.53661641	4	0.16	0.012152778	-0.62334053	0.002565212
bees	el_pseudocingulta	20	77.12776214	1	0.04	0	0.5419926	0
bees	eg_gaianii	8.53	32.89499055	1	0.04	0	0.98002292	0
trees	Abarema_jupunba	5	71.42857143	2	0.08	0.0005	1.139924778	4.56E-05
trees	Ampelocera_edentula	6	85.71428571	4	0.16	0.0021	1.334003264	3.20E-04
trees	Amphirrhox_longifolia	5	71.42857143	5	0.2	0.001	-0.108898409	1.89E-04
trees	Anacardium_giganteum	6	85.71428571	8	0.32	0.003	0.258484089	7.41E-04
trees	Anacardium_parvifolium	6	85.71428571	1	0.04	0	0.514711873	0.00E+00
trees	Andira_micrantha	7	100	18	0.72	0.0082	2.236116571	3.83E-03
trees	Andira_unifoliolata	7	100	3	0.12	0.0007	-0.461721536	7.48E-05
trees	Aniba_rosaeodora	6	85.71428571	5	0.2	0.0015	-0.36303691	2.69E-04
trees	Anisophyllea_manausensis	5	71.42857143	5	0.2	0.0018	1.196886028	3.04E-04
trees	Anomalocalyx_uleanus	5	71.42857143	10	0.4	0.0053	1.831155987	1.53E-03
trees	Aparisthmium_cordatum	5	71.42857143	5	0.2	0.0021	0.69413871	3.74E-04
trees	Apeiba_echinata	3	42.85714286	17	0.68	0.0073	1.901291182	3.34E-03
trees	Aspidosperma_aracanga	5	71.42857143	2	0.08	0.0002	0.401153627	1.78E-05
trees	Aspidosperma_nitidum	5	71.42857143	6	0.24	0.002	0.598355027	3.68E-04
trees	Astrocaryum_aculeatum	7	100	2	0.08	0.0005	0.558908786	4.78E-05
trees	Astrocaryum_murumuru	6	85.71428571	9	0.36	0.0037	0.099706059	8.82E-04
trees	Attalea_maripa	6	85.71428571	1	0.04	0	-0.684211943	0.00E+00
trees	Bellucia_grossularioides	2	28.57142857	1	0.04	0	-0.205396386	0.00E+00
trees	Bellucia_imperialis	2	28.57142857	1	0.04	0	-1.013107785	0.00E+00
trees	Bertholletia_excelsa	6	85.71428571	6	0.24	0.0026	0.200034912	4.86E-04
trees	Bocageopsis_multiflora	5	71.42857143	12	0.48	0.0064	1.790227087	2.15E-03
trees	Bocoa_viridiflora	6	85.71428571	21	0.84	0.0101	3.585289299	5.63E-03
trees	Borojoa_claviflora	5	71.42857143	1	0.04	0	-1.356018328	0.00E+00
trees	Brosimum_guianense	5	71.42857143	2	0.08	0.0002	0.245297105	1.78E-05
trees	Brosimum_parinarioides	5	71.42857143	17	0.68	0.0071	2.467430538	3.20E-03
trees	Brosimum_rubescens	5	71.42857143	15	0.6	0.006	1.860224251	2.50E-03
trees	Buchenavia_grandis	6	85.71428571	6	0.24	0.0032	1.068531812	6.17E-04
trees	Buchenavia_guianensis	6	85.71428571	3	0.12	0.0006	-1.290880546	6.55E-05
trees	Buchenavia_parvifolia	6	85.71428571	5	0.2	0.0016	0.29026108	2.68E-04
trees	Byrsonima_chrysophylla	6	85.71428571	13	0.52	0.0038	-0.136112285	1.40E-03
trees	Byrsonima_crispa	6	85.71428571	1	0.04	0	-0.582539098	0.00E+00
trees	Calycolpus_goetheanus	7	100	13	0.52	0.0065	1.943150162	2.38E-03
trees	Carapa_guianensis	7	100	4	0.16	0.001	0.796717875	1.63E-04
trees	Cariniana_micrantha	3	42.85714286	16	0.64	0.0071	2.220122424	3.11E-03
trees	Caryocar_glabrum	7	100	12	0.48	0.0057	2.155559753	1.99E-03
trees	Caryocar_villosum	7	100	3	0.12	0.0009	-0.15906871	1.04E-04
trees	Casearia_javitensis	4	57.14285714	4	0.16	0.0007	-0.725514555	1.28E-04
trees	Casearia_manausensis	4	57.14285714	3	0.12	0.0003	-2.101758323	4.77E-05
trees	Casearia_pitumba	4	57.14285714	1	0.04	0	-0.230404832	0.00E+00
trees	Catostemma_albuquerquei	7	100	13	0.52	0.0065	2.821104483	2.40E-03
trees	Cecropia_purpurascens	2	28.57142857	5	0.2	0.0017	0.298655234	2.92E-04
trees	Cecropia_sciadophylla	2	28.57142857	17	0.68	0.0063	1.472238215	2.97E-03
trees	Chimarrhis_barbata	5	71.42857143	3	0.12	0.0008	-0.817633942	8.95E-05
trees	Chromolucuma_rubiflora	6	85.71428571	1	0.04	0	0.131300676	0.00E+00
trees	Chrysophyllum_amazonicum	6	85.71428571	1	0.04	0	-1.57373167	0.00E+00
trees	Chrysophyllum_sanguinolentum_balata	6	85.71428571	6	0.24	0.0026	0.403821202	4.94E-04
trees	Clarisia_racemosa	6	85.71428571	5	0.2	0.0009	-1.127409344	1.80E-04
trees	Coccoloba_mollis	4	57.14285714	1	0.04	0	-0.305972986	0.00E+00
trees	Conceveiba_guianensis	5	71.42857143	2	0.08	0.0004	-0.401745278	3.78E-05
trees	Cordia_exaltata	5	71.42857143	16	0.64	0.0078	2.308716937	3.44E-03
trees	Corythophora_alta	5	71.42857143	7	0.28	0.0038	1.543736469	8.41E-04
trees	Corythophora_rimosa	5	71.42857143	1	0.04	0	1.096249508	0.00E+00
trees	Couepia_canomensis	6	85.71428571	1	0.04	0	0.055501382	0.00E+00
trees	Couepia_robusta	6	85.71428571	13	0.52	0.0061	1.605000974	2.29E-03
trees	Couma_guianensis	5	71.42857143	4	0.16	0.0008	0.370488747	1.27E-04
trees	Couratari_stellata	5	71.42857143	4	0.16	0.0015	0.652922405	2.18E-04
trees	Coussapoa_orthoneura	2	28.57142857	1	0.04	0	-1.066777635	0.00E+00
trees	Croton_lanjouwensis	4	57.14285714	15	0.6	0.0064	1.327182482	2.45E-03
trees	Cupania_scrobiculata	5	71.42857143	1	0.04	0	-0.021221314	0.00E+00
trees	Cybianthus_guyanensis	6	85.71428571	2	0.08	0.0004	0.504977295	3.57E-05
trees	Dinizia_excelsa	5	71.42857143	5	0.2	0.0021	-0.674265132	3.22E-04
trees	Diospyros_cavalcantei	5	71.42857143	3	0.12	0.0012	0.327275715	1.52E-04
trees	Diospyros_guianensis	5	71.42857143	11	0.44	0.0047	1.205636582	1.46E-03
trees	Diplotropis_martiusii	5	71.42857143	18	0.72	0.0095	3.610546512	4.64E-03
trees	Dipteryx_magnifica	6	85.71428571	2	0.08	0.0003	0.0280008	3.18E-05
trees	Dipteryx_odorata	6	85.71428571	5	0.2	0.0018	-0.296400575	3.01E-04
trees	Duguetia_flagellaris	5	71.42857143	6	0.24	0.0028	-0.083632419	5.35E-04
trees	Duguetia_stelechantha	5	71.42857143	5	0.2	0.0017	-0.107986539	2.95E-04
trees	Duguetia_surinamensis	5	71.42857143	9	0.36	0.0045	1.927171732	1.22E-03
trees	Dulacia_candida	6	85.71428571	4	0.16	0.0019	0.380798778	2.81E-04
trees	Duroia_longiflora	5	71.42857143	7	0.28	0.0027	0.276606716	6.09E-04
trees	Duroia_macrophylla	5	71.42857143	1	0.04	0	-1.209933482	0.00E+00
trees	Duroia_saccifera	5	71.42857143	3	0.12	0.0011	1.033704268	1.32E-04
trees	Ecclinusa_guianensis	5	71.42857143	19	0.76	0.0082	2.373802147	4.26E-03
trees	Endopleura_uchi	7	100	12	0.48	0.0053	1.277436602	1.65E-03
trees	Eriotheca_globosa	4	57.14285714	6	0.24	0.0018	-0.422854912	3.19E-04
trees	Erisma_bicolor	5	71.42857143	4	0.16	0.0011	0.122332496	1.52E-04
trees	Erisma_bracteosum	5	71.42857143	1	0.04	0	-0.425185597	0.00E+00
trees	Eschweilera_collina	6	85.71428571	11	0.44	0.0038	0.765149839	1.22E-03
trees	Eschweilera_coriacea	6	85.71428571	19	0.76	0.009	2.815271077	4.59E-03
trees	Eschweilera_cyathiformis	6	85.71428571	2	0.08	0.0003	-0.15163057	2.44E-05
trees	Eschweilera_grandiflora	6	85.71428571	11	0.44	0.0063	1.714838864	1.94E-03
trees	Eschweilera_pseudodecolorans	6	85.71428571	1	0.04	0	0.762889162	0.00E+00
trees	Eschweilera_romeucardosoi	6	85.71428571	23	0.92	0.0108	3.893822606	6.56E-03
trees	Eschweilera_tessmannii	6	85.71428571	13	0.52	0.0064	1.100566268	2.19E-03
trees	Eschweilera_truncata	6	85.71428571	23	0.92	0.0105	3.863985024	6.38E-03
trees	Eschweilera_wachenheimii	6	85.71428571	15	0.6	0.0081	2.45381104	3.24E-03
trees	Eugenia_cupulata	5	71.42857143	4	0.16	0.001	-1.608297238	1.45E-04
trees	Eugenia_florida	5	71.42857143	17	0.68	0.0084	2.379097136	3.75E-03
trees	Euterpe_precatoria	5	71.42857143	14	0.56	0.0071	2.623675722	2.76E-03
trees	Fusaea_longifolia	5	71.42857143	4	0.16	0.0013	0.680583255	2.09E-04
trees	Geissospermum_argenteum	5	71.42857143	5	0.2	0.0015	0.587140394	2.54E-04
trees	Glycidendron_amazonicum	5	71.42857143	3	0.12	0.0006	0.08784493	7.34E-05
trees	Goupia_glabra	2	28.57142857	15	0.6	0.0075	1.873510343	3.02E-03
trees	Guapira_sp._1	4	57.14285714	2	0.08	0.0003	-0.855372719	2.92E-05
trees	Guarea_humaitensis	5	71.42857143	2	0.08	0.0003	-0.326042351	3.27E-05
trees	Guarea_pubescens	5	71.42857143	21	0.84	0.0097	3.16862343	5.31E-03
trees	Guarea_silvatica	5	71.42857143	5	0.2	0.0021	-0.533051677	3.32E-04
trees	Guatteria_olivacea	5	71.42857143	23	0.92	0.0097	2.558669039	5.88E-03
trees	Guatteriopsis_blepharophylla	5	71.42857143	14	0.56	0.0062	2.073878318	2.40E-03
trees	Gustavia_elliptica	7	100	1	0.04	0	0.822671616	0.00E+00
trees	Heisteria_barbata	5	71.42857143	6	0.24	0.0031	1.014497377	5.96E-04
trees	Helicostylis_scabra	5	71.42857143	13	0.52	0.0056	1.48255188	2.21E-03
trees	Helicostylis_tomentosa	5	71.42857143	2	0.08	0.0004	0.355780038	4.23E-05
trees	Henriettella_caudata	1	14.28571429	1	0.04	0	-1.599296586	0.00E+00
trees	Hevea_guianensis	6	85.71428571	7	0.28	0.003	0.439646022	6.34E-04
trees	Himatanthus_sucuuba	5	71.42857143	1	0.04	0	0.950568065	0.00E+00
trees	Hirtella_racemosa	5	71.42857143	3	0.12	0.0011	0.5346776	1.45E-04
trees	Hymenaea_intermedia	6	85.71428571	5	0.2	0.0018	0.289967954	3.04E-04
trees	Hymenolobium_modestum	5	71.42857143	4	0.16	0.0019	-0.246276677	2.66E-04
trees	Inga_alba	5	71.42857143	20	0.8	0.0097	2.709790527	5.11E-03
trees	Inga_cayennensis	5	71.42857143	19	0.76	0.0092	2.990814834	4.62E-03
trees	Inga_cordatoalata	5	71.42857143	4	0.16	0.0009	-0.352899801	1.52E-04
trees	Inga_gracilifolia	5	71.42857143	4	0.16	0.0013	0.053333243	2.07E-04
trees	Inga_grandiflora	5	71.42857143	9	0.36	0.0046	0.675830834	1.20E-03
trees	Inga_marginata	5	71.42857143	20	0.8	0.0077	1.999905552	4.03E-03
trees	Inga_obidensis	5	71.42857143	4	0.16	0.0013	0.200934171	1.97E-04
trees	Inga_paraensis	5	71.42857143	8	0.32	0.0035	1.480281448	8.49E-04
trees	Inga_splendens	5	71.42857143	1	0.04	0	-0.223579668	0.00E+00
trees	Inga_umbratica	5	71.42857143	2	0.08	0.0004	-0.053074001	3.64E-05
trees	Iryanthera_juruensis	6	85.71428571	17	0.68	0.0083	2.495177052	3.79E-03
trees	Iryanthera_ulei	6	85.71428571	19	0.76	0.0098	3.293143085	4.88E-03
trees	Isertia_hypoleuca	5	71.42857143	1	0.04	0	-1.188232876	0.00E+00
trees	Jacaranda_copaia	3	42.85714286	6	0.24	0.0022	-0.341656104	4.51E-04
trees	Jacaratia_spinosa	4	57.14285714	1	0.04	0	-1.311828577	0.00E+00
trees	Kutchubaea_sericantha	5	71.42857143	1	0.04	0	0.457081176	0.00E+00
trees	Lacistema_aggregatum	4	57.14285714	2	0.08	0.0001	-0.200891864	1.14E-05
trees	Lacmellea_aculeata	5	71.42857143	1	0.04	0	0.818004848	0.00E+00
trees	Lacmellea_gracilis	5	71.42857143	1	0.04	0	1.160229944	0.00E+00
trees	Lacunaria_jenmanii	5	71.42857143	2	0.08	0.0005	-0.217262434	5.17E-05
trees	Laetia_procera	3	42.85714286	6	0.24	0.0016	-0.616569464	3.28E-04
trees	Lecythis_barnebeyii	6	85.71428571	1	0.04	0	-1.952393113	0.00E+00
trees	Lecythis_prancei	6	85.71428571	4	0.16	0.0011	0.481112172	1.69E-04
trees	Lecythis_zabucajo	6	85.71428571	7	0.28	0.0028	1.029885679	5.97E-04
trees	Leonia_cymosa	6	85.71428571	1	0.04	0	0.478972222	0.00E+00
trees	Leonia_glycycarpa	6	85.71428571	1	0.04	0	0.278017806	0.00E+00
trees	Licania_adolphoduckei	7	100	2	0.08	0.0004	-0.1615092	3.80E-05
trees	Licania_bracteata	7	100	2	0.08	0.0002	-1.674932178	1.68E-05
trees	Licania_canescens	7	100	13	0.52	0.0064	2.051467708	2.25E-03
trees	Licania_heteromorpha	7	100	16	0.64	0.0082	2.345668008	3.36E-03
trees	Licania_impressa	7	100	24	0.96	0.0106	3.23458585	6.71E-03
trees	Licania_micrantha	7	100	12	0.48	0.0053	1.625136906	1.79E-03
trees	Licania_niloi	7	100	8	0.32	0.0026	0.359447705	6.12E-04
trees	Licania_oblongifolia	7	100	6	0.24	0.0026	-0.022063025	5.22E-04
trees	Licania_rodriguesii	7	100	11	0.44	0.0048	1.214652783	1.51E-03
trees	Licania_sothersiae	7	100	9	0.36	0.0037	1.27785883	9.87E-04
trees	Licaria_guianensis	5	71.42857143	14	0.56	0.007	2.277218953	2.65E-03
trees	Licaria_martiniana	5	71.42857143	15	0.6	0.0079	2.408553711	3.21E-03
trees	Licaria_rodriguesii	5	71.42857143	1	0.04	0	0.038550925	0.00E+00
trees	Lueheopsis_rosea	3	42.85714286	3	0.12	0.0013	-0.146547095	1.48E-04
trees	Mabea_angularis	4	57.14285714	6	0.24	0.0026	1.352063435	5.16E-04
trees	Mabea_piriri	4	57.14285714	1	0.04	0	-1.923592805	0.00E+00
trees	Mabea_speciosa	4	57.14285714	9	0.36	0.0047	1.829076614	1.22E-03
trees	Macrolobium_limbatum	6	85.71428571	2	0.08	0.0003	0.986385162	2.76E-05
trees	Macrolobium_prancei	6	85.71428571	1	0.04	0	-0.232924523	0.00E+00
trees	Manilkara_bidentata	6	85.71428571	3	0.12	0.0008	-0.514691319	8.83E-05
trees	Manilkara_cavalcantei	6	85.71428571	3	0.12	0.0005	-1.237427395	5.57E-05
trees	Manilkara_huberi	6	85.71428571	3	0.12	0.0004	-0.420333428	6.01E-05
trees	Maprounea_guianensis	4	57.14285714	3	0.12	0.0007	-0.628065105	9.30E-05
trees	Maquira_sclerophylla	6	85.71428571	18	0.72	0.0082	2.860295186	3.98E-03
trees	Marlierea_caudata	4	57.14285714	1	0.04	0	0.479857849	0.00E+00
trees	Marlierea_umbraticola	4	57.14285714	1	0.04	0	0.638671253	0.00E+00
trees	Maytenus_guianensis	5	71.42857143	1	0.04	0	-0.586700351	0.00E+00
trees	Mezilaurus_duckei	6	85.71428571	6	0.24	0.0019	0.720003188	4.38E-04
trees	Mezilaurus_itauba	6	85.71428571	12	0.48	0.0054	1.622105542	1.81E-03
trees	Miconia_argyrophylla	1	14.28571429	1	0.04	0	0.228016142	0.00E+00
trees	Miconia_dispar	1	14.28571429	3	0.12	0.0007	-0.379138835	9.21E-05
trees	Miconia_eriodonta	1	14.28571429	6	0.24	0.0026	0.336861964	4.62E-04
trees	Miconia_martiniana	1	14.28571429	1	0.04	0	0.757536105	0.00E+00
trees	Miconia_poeppigii	1	14.28571429	2	0.08	0.0004	-0.005258212	3.29E-05
trees	Miconia_pyrifolia	1	14.28571429	2	0.08	0.0003	0.478798373	3.43E-05
trees	Micrandra_spruceana	4	57.14285714	1	0.04	0	-0.796222114	0.00E+00
trees	Micrandropsis_scleroxylon	5	71.42857143	8	0.32	0.002	-0.24744476	5.12E-04
trees	Micropholis_guyanensis	5	71.42857143	8	0.32	0.0036	0.888217224	8.14E-04
trees	Micropholis_guyanensis_duckeana	5	71.42857143	1	0.04	0	0.124523633	0.00E+00
trees	Micropholis_guyanensis_guyanensis	5	71.42857143	5	0.2	0.0019	0.22021936	3.14E-04
trees	Micropholis_splendens	5	71.42857143	2	0.08	0.0004	0.508608398	3.35E-05
trees	Micropholis_venulosa	5	71.42857143	4	0.16	0.0015	0.415734268	2.31E-04
trees	Micropholis_williamii	5	71.42857143	11	0.44	0.0045	0.267488323	1.34E-03
trees	Minquartia_guianensis	5	71.42857143	16	0.64	0.0077	2.591371789	3.32E-03
trees	Moronobea_coccinea	6	85.71428571	6	0.24	0.0019	0.205588935	3.39E-04
trees	Mouriri_ficoides	5	71.42857143	11	0.44	0.0066	2.656713389	2.10E-03
trees	Myrcia_amazonica	7	100	5	0.2	0.0014	-0.190334178	2.40E-04
trees	Myrcia_fallax	7	100	1	0.04	0	-1.675352205	0.00E+00
trees	Myrcia_fenestrata	7	100	2	0.08	0.0002	-2.297239117	2.21E-05
trees	Myrcia_minutiflora	7	100	3	0.12	0.0005	0.856234306	6.21E-05
trees	Myrcia_paivae	7	100	7	0.28	0.003	0.813481324	6.36E-04
trees	Naucleopsis_caloneura	7	100	13	0.52	0.0072	2.021745595	2.48E-03
trees	Naucleopsis_ulei	7	100	1	0.04	0	-0.387264678	0.00E+00
trees	Neea_oppositifolia	4	57.14285714	1	0.04	0	1.063258393	0.00E+00
trees	Neea_sp._1	4	57.14285714	13	0.52	0.0054	1.313881304	2.06E-03
trees	Ocotea_aciphylla	6	85.71428571	1	0.04	0	-1.308343697	0.00E+00
trees	Ocotea_cinerea	6	85.71428571	1	0.04	0	1.078886312	0.00E+00
trees	Ocotea_longifolia	6	85.71428571	1	0.04	0	-0.376354158	0.00E+00
trees	Ocotea_nigrescens	6	85.71428571	23	0.92	0.011	3.705578794	6.50E-03
trees	Ocotea_olivacea	6	85.71428571	3	0.12	0.0011	0.400087249	1.45E-04
trees	Oenocarpus_bacaba	6	85.71428571	25	1	0.011	3.340837848	7.20E-03
trees	Oenocarpus_bataua	6	85.71428571	1	0.04	0	-3.091623663	0.00E+00
trees	Oenocarpus_minor	6	85.71428571	2	0.08	0.0002	-2.180768446	2.17E-05
trees	Orbignya_phalerata	6	85.71428571	2	0.08	0	-2.424492768	6.41E-06
trees	Osteophloeum_platyspermum	6	85.71428571	18	0.72	0.0093	3.713657779	4.52E-03
trees	Ouratea_discophora	5	71.42857143	3	0.12	0.0008	-0.368496195	8.49E-05
trees	Ouratea_odora	5	71.42857143	2	0.08	0.0002	0.402781144	1.78E-05
trees	Paramachaerium_ormosioides	5	71.42857143	10	0.4	0.0053	1.562614411	1.48E-03
trees	Parinari_excelsa	6	85.71428571	17	0.68	0.0087	2.578571538	3.97E-03
trees	Parinari_montana	6	85.71428571	4	0.16	0.0011	0.360952613	1.60E-04
trees	Parinari_parvifolia	6	85.71428571	13	0.52	0.0048	0.549520253	1.71E-03
trees	Parkia_multijuga	4	57.14285714	12	0.48	0.0053	1.108130803	1.88E-03
trees	Parkia_nitida	4	57.14285714	2	0.08	0.0002	-0.307253283	2.00E-05
trees	Parkia_pendula	4	57.14285714	4	0.16	0.0006	-0.990989969	1.13E-04
trees	Pausandra_macropetala	5	71.42857143	1	0.04	0	0.835352211	0.00E+00
trees	Paypayrola_grandiflora	5	71.42857143	4	0.16	0.0016	0.397519342	2.33E-04
trees	Peltogyne_catingae	5	71.42857143	2	0.08	0.0003	0.377864154	3.43E-05
trees	Peltogyne_paniculata	5	71.42857143	2	0.08	0.0002	-1.076481511	1.68E-05
trees	Platymiscium_duckei	5	71.42857143	10	0.4	0.0046	1.11514068	1.14E-03
trees	Pogonophora_schomburgkiana	4	57.14285714	3	0.12	0.0011	-0.172973844	1.51E-04
trees	Poraqueiba_sericea	7	100	2	0.08	0.0004	-0.465374775	3.37E-05
trees	Pourouma_bicolor	5	71.42857143	14	0.56	0.0065	1.487319835	2.38E-03
trees	Pourouma_cuspidata	5	71.42857143	15	0.6	0.0069	2.525699776	2.87E-03
trees	Pourouma_guianensis	5	71.42857143	1	0.04	0	-1.209291308	0.00E+00
trees	Pourouma_minor	5	71.42857143	17	0.68	0.0082	3.049807428	3.82E-03
trees	Pourouma_ovata	5	71.42857143	8	0.32	0.0033	0.700752757	7.52E-04
trees	Pourouma_tomentosa	5	71.42857143	7	0.28	0.0021	-0.27870129	5.10E-04
trees	Pourouma_villosa	5	71.42857143	5	0.2	0.0015	-0.228033821	2.37E-04
trees	Pouteria_anomala	6	85.71428571	17	0.68	0.0086	3.01157444	4.05E-03
trees	Pouteria_caimito	6	85.71428571	7	0.28	0.003	0.55540047	6.69E-04
trees	Pouteria_cuspidata	6	85.71428571	1	0.04	0	0.842476042	0.00E+00
trees	Pouteria_filipes	6	85.71428571	11	0.44	0.0051	1.811214386	1.55E-03
trees	Pouteria_freitasii	6	85.71428571	16	0.64	0.0084	2.725179178	3.75E-03
trees	Pouteria_guianensis	6	85.71428571	24	0.96	0.011	3.336693677	6.81E-03
trees	Pouteria_minima	6	85.71428571	15	0.6	0.0062	1.804683568	2.53E-03
trees	Pouteria_oppositifolia	6	85.71428571	1	0.04	0	-0.118295458	0.00E+00
trees	Pouteria_pallens	6	85.71428571	24	0.96	0.011	3.654348279	6.90E-03
trees	Pouteria_reticulata	6	85.71428571	16	0.64	0.0067	1.829962112	2.84E-03
trees	Pouteria_rostrata	6	85.71428571	1	0.04	0	0.649048241	0.00E+00
trees	Pouteria_stipulifera	6	85.71428571	1	0.04	0	0.036813436	0.00E+00
trees	Pouteria_virescens	6	85.71428571	12	0.48	0.0053	1.990059735	1.92E-03
trees	Protium_altsonii	6	85.71428571	16	0.64	0.0081	3.286909619	3.62E-03
trees	Protium_apiculatum	6	85.71428571	16	0.64	0.009	2.782152938	3.88E-03
trees	Protium_aracouchini	6	85.71428571	2	0.08	0.0004	0.402798988	4.19E-05
trees	Protium_decandrum	6	85.71428571	21	0.84	0.01	3.724300396	5.60E-03
trees	Protium_giganteum	6	85.71428571	1	0.04	0	0.714234051	0.00E+00
trees	Protium_hebetatum	6	85.71428571	24	0.96	0.011	3.457968928	6.81E-03
trees	Protium_opacum	6	85.71428571	7	0.28	0.0039	1.845382809	8.91E-04
trees	Protium_pilosum	6	85.71428571	5	0.2	0.002	0.606284134	3.77E-04
trees	Protium_trifoliolatum	6	85.71428571	4	0.16	0.0014	0.172285972	2.06E-04
trees	Pseudolmedia_laevigata	5	71.42857143	3	0.12	0.0011	0.442499609	1.35E-04
trees	Pseudolmedia_laevis	5	71.42857143	19	0.76	0.0082	2.341464558	4.08E-03
trees	Pseudopiptadenia_psilostachya	5	71.42857143	2	0.08	0.0007	0.125446814	7.20E-05
trees	Psidium_guineense	4	57.14285714	1	0.04	0	-0.131070424	0.00E+00
trees	Pterocarpus_officinalis	6	85.71428571	15	0.6	0.0078	3.089629418	3.33E-03
trees	Pterocarpus_rohrii	6	85.71428571	5	0.2	0.0032	0.851037124	5.43E-04
trees	Qualea_paraensis	5	71.42857143	1	0.04	0	-1.636326835	0.00E+00
trees	Quararibea_ochrocalyx	6	85.71428571	21	0.84	0.0102	3.624362973	5.60E-03
trees	Quiina_amazonica	5	71.42857143	1	0.04	0	0.825015063	0.00E+00
trees	Rhodostemonodaphne_grandis	6	85.71428571	6	0.24	0.0029	1.159534569	5.66E-04
trees	Rinorea_guianensis	4	57.14285714	15	0.6	0.0084	2.503584019	3.41E-03
trees	Rinorea_macrocarpa	4	57.14285714	2	0.08	0.0003	-0.287646519	2.86E-05
trees	Rinorea_racemosa	4	57.14285714	19	0.76	0.0099	3.591780273	5.05E-03
trees	Rollinia_insignis	4	57.14285714	3	0.12	0.0011	1.347210494	1.44E-04
trees	Roucheria_punctata	3	42.85714286	2	0.08	0.0003	-0.89380126	2.87E-05
trees	Roupala_montana	4	57.14285714	1	0.04	0	0.137214231	0.00E+00
trees	Ryania_speciosa	4	57.14285714	4	0.16	0.0009	0.241352121	1.33E-04
trees	Sacoglottis_mattogrossensis	6	85.71428571	5	0.2	0.0013	-0.450042447	2.27E-04
trees	Sapium_glandulosum	4	57.14285714	7	0.28	0.0027	0.47526406	6.18E-04
trees	Sarcaulus_brasiliensis	5	71.42857143	3	0.12	0.0003	-0.292561273	3.97E-05
trees	Schefflera_morototoni	4	57.14285714	8	0.32	0.0025	0.070508612	7.19E-04
trees	Schizolobium_amazonicum	6	85.71428571	5	0.2	0.0007	-0.3873531	1.25E-04
trees	Scleronema_micranthum	7	100	22	0.88	0.0105	3.542084215	6.01E-03
trees	Sextonia_rubra	6	85.71428571	7	0.28	0.0029	0.40717395	6.53E-04
trees	Simaba_cedron	4	57.14285714	1	0.04	0	-0.923881349	0.00E+00
trees	Simaba_polyphylla	4	57.14285714	1	0.04	0	-0.640233364	0.00E+00
trees	Simarouba_amara	4	57.14285714	4	0.16	0.0014	-0.613397917	1.87E-04
trees	Siparuna_decipiens	4	57.14285714	16	0.64	0.0083	3.050886525	3.52E-03
trees	Siparuna_guianensis	4	57.14285714	2	0.08	0.0003	-0.349757946	2.44E-05
trees	Sloanea_excelsa	6	85.71428571	5	0.2	0.0023	0.171621378	3.97E-04
trees	Sloanea_schomburgkii	6	85.71428571	1	0.04	0	-1.002598358	0.00E+00
trees	Sloanea_synandra	6	85.71428571	16	0.64	0.0079	1.783501029	3.28E-03
trees	Socrateae_exorrhiza	6	85.71428571	1	0.04	0	0.667083045	0.00E+00
trees	Sorocea_guilleminiana	4	57.14285714	1	0.04	0	0.59917674	0.00E+00
trees	Sorocea_muriculata_muriculata	4	57.14285714	17	0.68	0.0083	2.270219439	3.69E-03
trees	Sterculia_excelsa	6	85.71428571	8	0.32	0.0027	1.040082243	6.89E-04
trees	Sterigmapetalum_obovatum	3	42.85714286	3	0.12	0.001	0.089536794	1.27E-04
trees	Stryphnodendron_guianense	6	85.71428571	7	0.28	0.0024	-0.287006163	5.17E-04
trees	Swartzia_arborescens	6	85.71428571	1	0.04	0	-1.291386359	0.00E+00
trees	Swartzia_cuspidata	6	85.71428571	7	0.28	0.0026	0.478215386	5.54E-04
trees	Swartzia_oblanceolata	6	85.71428571	3	0.12	0.0009	-0.596518405	1.18E-04
trees	Swartzia_panacoco	6	85.71428571	1	0.04	0	-0.981814905	0.00E+00
trees	Swartzia_polyphylla	6	85.71428571	2	0.08	0.0001	0.235224431	1.30E-05
trees	Swartzia_reticulata	6	85.71428571	4	0.16	0.0009	-0.442519784	1.26E-04
trees	Symphonia_globulifera	6	85.71428571	4	0.16	0.0015	-0.431967831	2.04E-04
trees	Tabebuia_incana	5	71.42857143	2	0.08	0.0004	-0.539672786	4.18E-05
trees	Tabebuia_serratifolia	5	71.42857143	9	0.36	0.004	0.607610995	9.88E-04
trees	Tabernaemontana_angulata	5	71.42857143	1	0.04	0	-0.709061182	0.00E+00
trees	Tabernaemontana_flavicans	5	71.42857143	1	0.04	0	-0.34342287	0.00E+00
trees	Tachigali_chrysophylla	5	71.42857143	7	0.28	0.0031	0.540828763	6.39E-04
trees	Tachigali_glauca	5	71.42857143	14	0.56	0.0061	1.524064562	2.32E-03
trees	Tachigali_micropetala	5	71.42857143	13	0.52	0.0071	2.705498474	2.69E-03
trees	Talisia_mollis	5	71.42857143	14	0.56	0.0066	2.641194434	2.65E-03
trees	Tapirira_guianensis	5	71.42857143	11	0.44	0.0048	1.48376198	1.51E-03
trees	Tapura_amazonica	4	57.14285714	2	0.08	0.0001	-2.865447216	1.24E-05
trees	Ternstroemia_urophora	5	71.42857143	2	0.08	0.0004	0.368238768	3.57E-05
trees	Tetragastris_altissima	5	71.42857143	1	0.04	0	0.975802021	0.00E+00
trees	Tetragastris_panamensis	5	71.42857143	20	0.8	0.0093	3.923700093	4.84E-03
trees	Theobroma_grandiflorum	6	85.71428571	1	0.04	0	-0.310966825	0.00E+00
trees	Theobroma_speciosum	6	85.71428571	2	0.08	0.0003	0.77546354	2.76E-05
trees	Theobroma_subincanum	6	85.71428571	17	0.68	0.0084	2.525170621	3.73E-03
trees	Theobroma_sylvestre	6	85.71428571	19	0.76	0.0089	3.514426703	4.43E-03
trees	Thyrsodium_spruceanum	5	71.42857143	13	0.52	0.0075	2.812543544	2.75E-03
trees	Toulicia_cf._pulvinata	5	71.42857143	1	0.04	0	0.062728218	0.00E+00
trees	Tovomita_obovata	6	85.71428571	9	0.36	0.0041	0.835775762	1.06E-03
trees	Trichilia_cipo	5	71.42857143	5	0.2	0.0017	-0.015062849	3.13E-04
trees	Trichilia_pleeana	5	71.42857143	14	0.56	0.0061	2.304698597	2.44E-03
trees	Trichilia_schomburgkii	5	71.42857143	2	0.08	0.0003	-0.262135602	2.44E-05
trees	Unonopsis_duckei	5	71.42857143	18	0.72	0.0088	2.83262128	4.27E-03
trees	Vantanea_guianensis	6	85.71428571	1	0.04	0	1.042846079	0.00E+00
trees	Vantanea_parviflora	6	85.71428571	5	0.2	0.0026	0.74205287	4.79E-04
trees	Vatairea_sericea	7	100	1	0.04	0	-2.348767008	0.00E+00
trees	Virola_calophylla_calophylla	6	85.71428571	10	0.4	0.0047	0.622999424	1.32E-03
trees	Virola_juruensis	6	85.71428571	1	0.04	0	0.940365269	0.00E+00
trees	Virola_michelii	6	85.71428571	13	0.52	0.0076	2.478838116	2.74E-03
trees	Virola_mollissima	6	85.71428571	9	0.36	0.0041	1.92531478	1.14E-03
trees	Virola_pavonis	6	85.71428571	14	0.56	0.0064	1.815765809	2.45E-03
trees	Virola_theiodora	6	85.71428571	12	0.48	0.006	2.647676226	2.16E-03
trees	Vismia_cayennensis	3	42.85714286	8	0.32	0.0028	0.302938296	6.73E-04
trees	Vismia_guianensis	3	42.85714286	13	0.52	0.0038	0.240464706	1.41E-03
trees	Vismia_japurensis	3	42.85714286	3	0.12	0.0006	-0.724267768	8.15E-05
trees	Xylopia_amazonica	4	57.14285714	6	0.24	0.0027	0.541254142	5.45E-04
trees	Xylopia_benthamii	4	57.14285714	1	0.04	0	-2.37273688	0.00E+00
trees	Xylopia_calophylla	4	57.14285714	9	0.36	0.0034	0.4863204	9.36E-04
trees	Xylopia_cuspidata	4	57.14285714	1	0.04	0	0.648980897	0.00E+00
trees	Zanthoxylum_djalma.batistae	3	42.85714286	2	0.08	0.0002	0.208744665	2.20E-05
trees	Zygia_juruana	5	71.42857143	3	0.12	0.0005	-1.355744946	5.45E-05
trees	Zygia_racemosa	5	71.42857143	16	0.64	0.0089	3.671156495	4.00E-03
trees	Zygia_ramiflora	5	71.42857143	8	0.32	0.0027	0.700869733	6.55E-04