taxa	connect_r1	mod_r1	nest_r1	robustness_LL_r1_large_to_small 
sm	0.3768421	0.2156612	56.85227	0.7148145
sm	0.358	0.2221841	58.62574	0.7347168
sm	0.358	0.217721	54.22255	0.7399427
sm	0.358	0.2092943	54.11576	0.7300648
sm	0.3768421	0.2003683	58.13815	0.7787045
sm	0.3768421	0.2086701	59.98267	0.7775406
sm	0.3768421	0.2127899	59.69855	0.7047578
sm	0.358	0.2109485	54.96233	0.7548355
sm	0.358	0.2192815	60.59917	0.7816254
sm	0.358	0.1943135	55.89622	0.7168263
sm	0.358	0.2128835	55.96117	0.7367108
sm	0.358	0.197497	54.86492	0.7496234
sm	0.3768421	0.2169408	59.55789	0.7896944
sm	0.358	0.207016	59.21375	0.7188787
sm	0.358	0.1923785	56.79179	0.7059669
sm	0.358	0.2239943	52.36074	0.7509902
sm	0.358	0.211323	55.14312	0.7519253
sm	0.3768421	0.207016	65.30606	0.7557741
sm	0.358	0.2223401	56.5645	0.7137923
sm	0.358	0.2073281	54.28508	0.7685823
sm	0.3768421	0.2266159	54.80174	0.7776147
sm	0.358	0.2184077	55.79749	0.7473613
sm	0.358	0.2109797	54.54414	0.7210026
sm	0.358	0.2159421	54.05176	0.7736989
sm	0.358	0.2146	61.00394	0.7758274
sm	0.3768421	0.2137574	56.22252	0.7496219
sm	0.358	0.2134453	54.05606	0.7177289
sm	0.358	0.2150682	56.74758	0.7876857
sm	0.358	0.2081396	57.32332	0.7593473
sm	0.358	0.2108548	61.24482	0.7935433
sm	0.358	0.1987454	59.21712	0.7719886
sm	0.358	0.2016791	55.07441	0.7435534
sm	0.358	0.1935645	58.95618	0.7199354
sm	0.358	0.2191879	54.066	0.7298863
sm	0.358	0.2043944	59.69906	0.6597039
sm	0.358	0.2082644	58.20095	0.760994
sm	0.3768421	0.219937	62.29837	0.7817307
sm	0.358	0.2153803	52.85741	0.7717079
sm	0.358	0.2041759	57.83607	0.7545514
sm	0.358	0.2178459	59.36592	0.7697019
sm	0.358	0.2082644	59.17549	0.7537537
sm	0.3768421	0.2092319	56.66405	0.7757748
sm	0.358	0.2138822	52.52898	0.7357623
sm	0.3768421	0.2240879	57.38576	0.819701
sm	0.358	0.2136637	60.37589	0.7978253
sm	0.3768421	0.2072345	62.67776	0.7937027
sm	0.358	0.2214038	55.12982	0.7897223
sm	0.358	0.2108861	54.70623	0.7597951
sm	0.358	0.2155676	59.48175	0.7919021
sm	0.358	0.2265847	58.4028	0.697422
sm	0.358	0.2103555	53.45389	0.765652
sm	0.358	0.2152555	56.46355	0.7096413
sm	0.358	0.2030523	54.62122	0.7266208
sm	0.358	0.2056428	60.5235	0.7557024
sm	0.358	0.2028339	55.76353	0.7221181
sm	0.358	0.216972	56.45735	0.7616424
sm	0.358	0.2146	56.11422	0.763421
sm	0.358	0.2116663	55.46293	0.7266324
sm	0.358	0.2064854	56.0753	0.759244
sm	0.358	0.2048625	53.54231	0.7937009
sm	0.358	0.207609	57.54801	0.8199102
sm	0.3768421	0.2178771	55.75541	0.774993
sm	0.358	0.2200306	54.26896	0.7448375
sm	0.358	0.1998689	55.35059	0.7326446
sm	0.358	0.195125	55.07167	0.731923
sm	0.358	0.2098561	55.88546	0.7996889
sm	0.3768421	0.2140695	59.42256	0.7244738
sm	0.358	0.206423	57.42466	0.7057613
sm	0.358	0.2102619	55.89438	0.8028925
sm	0.358	0.2063294	57.78694	0.823976
sm	0.358	0.2135701	58.07544	0.7715308
sm	0.358	0.2268968	53.13346	0.7446143
sm	0.358	0.2042383	53.74975	0.7498493
sm	0.358	0.2038014	53.21818	0.769745
sm	0.358	0.2179707	57.94224	0.7858988
sm	0.358	0.209544	58.03219	0.7580466
sm	0.3768421	0.2215287	55.8524	0.7719873
sm	0.358	0.21073	56.89085	0.7979871
sm	0.358	0.213258	54.64191	0.774994
sm	0.3768421	0.2244	56.3879	0.7539223
sm	0.358	0.2134453	61.48255	0.6953772
sm	0.358	0.2123217	59.22491	0.7816367
sm	0.3768421	0.2003683	55.98482	0.7400473
sm	0.3768421	0.2195624	59.75913	0.7528371
sm	0.358	0.2042695	59.92866	0.7697017
sm	0.358	0.2175338	58.57651	0.7075593
sm	0.3768421	0.1913486	58.46016	0.7056256
sm	0.358	0.2239006	57.83891	0.7580847
sm	0.358	0.2215911	59.2706	0.7371914
sm	0.3768421	0.2039574	56.20401	0.75565
sm	0.358	0.2007116	52.97903	0.7857871
sm	0.358	0.2062046	57.92018	0.7159253
sm	0.358	0.1992759	53.6666	0.7350963
sm	0.358	0.2116039	55.1474	0.7286912
sm	0.358	0.2207484	59.81572	0.7496128
sm	0.3768421	0.2033332	60.83597	0.7555326
sm	0.358	0.2210605	54.73918	0.7876258
sm	0.3768421	0.2076714	58.24606	0.764775
sm	0.3768421	0.200025	61.74782	0.7281902
sm	0.358	0.209544	60.52107	0.779607
liz	0.4257143	0.1852619	61.29138	0.6843792
liz	0.4257143	0.2021531	65.19279	0.7357782
liz	0.4584615	0.1875591	61.68911	0.7462324
liz	0.4257143	0.1934598	64.04396	0.746217
liz	0.4257143	0.1837755	63.85625	0.7700509
liz	0.4257143	0.1809828	58.88268	0.6912228
liz	0.4257143	0.1877393	57.53918	0.7829289
liz	0.4257143	0.18846	61.85194	0.7786387
liz	0.4257143	0.1943156	62.36321	0.7917781
liz	0.4257143	0.199991	61.84736	0.7575411
liz	0.4257143	0.1957569	66.57981	0.7887687
liz	0.4257143	0.1868835	64.59912	0.7386362
liz	0.4257143	0.1946309	65.33397	0.7498444
liz	0.4257143	0.1975587	65.95443	0.777635
liz	0.4257143	0.1719292	62.54957	0.7144503
liz	0.4257143	0.1956218	64.88175	0.7519469
liz	0.4257143	0.1848115	61.13112	0.7570927
liz	0.4257143	0.2304401	65.88666	0.7717792
liz	0.4257143	0.1847665	67.31443	0.78045
liz	0.4584615	0.2036845	66.96347	0.7460431
liz	0.4257143	0.1944957	61.59788	0.737526
liz	0.4257143	0.1981442	58.50693	0.7127766
liz	0.4584615	0.1819287	65.78085	0.7342736
liz	0.4257143	0.2016125	65.60119	0.7714865
liz	0.4584615	0.1860727	60.1558	0.7758751
liz	0.4966667	0.1939552	64.28257	0.7100568
liz	0.4584615	0.1911175	68.61385	0.7486503
liz	0.4584615	0.1797216	64.99686	0.7303641
liz	0.4257143	0.1941804	69.60459	0.7886229
liz	0.4257143	0.1836854	60.3442	0.768944
liz	0.4257143	0.1826945	61.55847	0.7529088
liz	0.4584615	0.19373	61.4551	0.7971891
liz	0.4584615	0.2027837	68.4176	0.7489002
liz	0.4257143	0.2017026	62.7092	0.7658667
liz	0.4257143	0.1862979	63.19362	0.7801554
liz	0.4257143	0.1784604	57.32281	0.7132126
liz	0.4257143	0.1826494	59.04515	0.6989692
liz	0.4257143	0.1910274	65.41817	0.7572234
liz	0.4257143	0.186433	61.74823	0.737646
liz	0.4966667	0.1929192	60.33846	0.7330197
liz	0.4584615	0.2056214	67.21522	0.7775016
liz	0.4257143	0.190622	66.39667	0.7633557
liz	0.4257143	0.1789559	62.28669	0.7742264
liz	0.4257143	0.1953516	61.02568	0.7747376
liz	0.4257143	0.1930544	61.37396	0.7015821
liz	0.4257143	0.1915229	63.18606	0.7713881
liz	0.4584615	0.1794514	60.07008	0.7325783
liz	0.4584615	0.1771091	62.00257	0.7600655
liz	0.4257143	0.1860727	65.76272	0.6912828
liz	0.4257143	0.1855322	73.23483	0.6759655
liz	0.4257143	0.1778749	62.59393	0.7599502
liz	0.4257143	0.1857574	63.01911	0.7270198
liz	0.4257143	0.1901716	69.8569	0.7547481
liz	0.4257143	0.2038647	64.39563	0.7529133
liz	0.4257143	0.1919733	63.17544	0.7940491
liz	0.4257143	0.1880095	59.4071	0.7429089
liz	0.4257143	0.190532	61.43465	0.8090406
liz	0.4257143	0.1920184	61.62095	0.7561738
liz	0.4257143	0.1880996	62.44715	0.7357577
liz	0.4257143	0.192649	62.90148	0.7887424
liz	0.4257143	0.1976488	61.92269	0.7271856
liz	0.4584615	0.1748119	61.31927	0.6872644
liz	0.4584615	0.1783703	71.3679	0.7330225
liz	0.4584615	0.1839106	69.14738	0.8143364
liz	0.4257143	0.1881897	68.11831	0.7097572
liz	0.4257143	0.1944507	66.06083	0.8001571
liz	0.4257143	0.1953065	64.9859	0.777188
liz	0.4257143	0.1972884	60.61799	0.7411718
liz	0.4257143	0.1784604	66.07391	0.7557647
liz	0.4257143	0.1747219	70.22284	0.7642414
liz	0.4257143	0.1765686	63.31967	0.806064
liz	0.4257143	0.1885951	64.64737	0.720516
liz	0.4584615	0.1859376	64.93573	0.7718885
liz	0.4584615	0.1705779	64.92094	0.7243315
liz	0.4584615	0.1862529	70.45474	0.7733122
liz	0.4257143	0.185307	66.51969	0.7400885
liz	0.4257143	0.1850367	60.46018	0.7414757
liz	0.4584615	0.193685	64.85536	0.8029302
liz	0.4257143	0.1795415	63.73552	0.7857608
liz	0.4257143	0.1892257	62.54217	0.713954
liz	0.4257143	0.1935949	65.8299	0.7163429
liz	0.4257143	0.1820188	60.32269	0.771488
liz	0.4257143	0.1826044	64.96845	0.740059
liz	0.4257143	0.1963425	62.05234	0.7214721
liz	0.4257143	0.190622	59.96336	0.7256916
liz	0.4584615	0.2033242	66.20837	0.7671938
liz	0.4584615	0.1838205	59.50582	0.7210834
liz	0.4257143	0.1844512	66.12124	0.7600442
liz	0.4257143	0.1994054	67.01644	0.7719149
liz	0.4257143	0.1831899	65.85898	0.7269874
liz	0.4257143	0.1817486	64.18388	0.714332
liz	0.4257143	0.1804874	63.34596	0.7347438
liz	0.4257143	0.1838656	62.40604	0.7343329
liz	0.4584615	0.1889104	65.35356	0.7599408
liz	0.4257143	0.1977388	59.1895	0.7311752
liz	0.4257143	0.1952164	66.02934	0.6757704
liz	0.4584615	0.1932345	64.51788	0.7572451
liz	0.4257143	0.1791811	63.06653	0.7399427
liz	0.4584615	0.16756	66.58067	0.7647423
liz	0.4257143	0.1910274	59.96305	0.8000647
mid.large	0.4744828	0.1388588	73.37616	0.7012356
mid.large	0.4744828	0.1284985	73.68989	0.742714
mid.large	0.4914286	0.1382335	67.55323	0.7299855
mid.large	0.4744828	0.133366	72.07	0.7041955
mid.large	0.4744828	0.1350815	72.86446	0.7054416
mid.large	0.4744828	0.1360617	75.05702	0.7327219
mid.large	0.4744828	0.1368983	75.10239	0.7162554
mid.large	0.4744828	0.1435573	71.68341	0.7170642
mid.large	0.4744828	0.1350815	74.05123	0.7370627
mid.large	0.4744828	0.1327322	72.93578	0.7728286
mid.large	0.4744828	0.1367293	74.79346	0.732835
mid.large	0.4744828	0.1460671	71.32844	0.7215728
mid.large	0.4744828	0.1296562	73.93351	0.7249785
mid.large	0.4744828	0.1402532	69.80236	0.6899449
mid.large	0.4744828	0.1342618	70.30817	0.7256304
mid.large	0.4744828	0.1379631	71.97798	0.6963484
mid.large	0.4744828	0.1298506	71.33992	0.7542616
mid.large	0.4744828	0.1318787	72.82702	0.6958155
mid.large	0.4914286	0.1395856	68.61068	0.7229817
mid.large	0.4744828	0.1351322	73.25862	0.7212867
mid.large	0.4744828	0.1422306	69.97453	0.7177743
mid.large	0.4744828	0.1323097	73.08319	0.7227724
mid.large	0.4744828	0.1298928	74.21687	0.6984556
mid.large	0.4744828	0.1523036	75.10626	0.7178769
mid.large	0.4744828	0.1384617	67.32714	0.7492584
mid.large	0.4744828	0.1345913	70.54307	0.7200627
mid.large	0.4744828	0.1510529	74.24822	0.720691
mid.large	0.4744828	0.1330533	70.24934	0.7185568
mid.large	0.4744828	0.1359519	70.5038	0.7313682
mid.large	0.4914286	0.1326224	72.19211	0.7084943
mid.large	0.4744828	0.1361885	71.03935	0.7385428
mid.large	0.4744828	0.1466502	68.65984	0.7556911
mid.large	0.4744828	0.1318111	72.2985	0.7430561
mid.large	0.4744828	0.1382335	72.25046	0.7499717
mid.large	0.4744828	0.1415292	72.7304	0.7256408
mid.large	0.4744828	0.1370251	71.84209	0.7328209
mid.large	0.4744828	0.1411912	71.30276	0.7056544
mid.large	0.4744828	0.1382335	75.38146	0.7556826
mid.large	0.4744828	0.1304421	72.27852	0.7184965
mid.large	0.4744828	0.1413264	70.27098	0.7378287
mid.large	0.4744828	0.1340505	72.10204	0.7442196
mid.large	0.4744828	0.1351068	71.65673	0.7248715
mid.large	0.4744828	0.1385208	73.57601	0.7314952
mid.large	0.4744828	0.1328759	72.54052	0.7412928
mid.large	0.4744828	0.1419095	69.06083	0.7215042
mid.large	0.4744828	0.1367547	69.79228	0.7227395
mid.large	0.4914286	0.1304675	74.47321	0.736259
mid.large	0.4744828	0.1306618	72.43793	0.7241491
mid.large	0.4744828	0.1325379	71.80482	0.710134
mid.large	0.4744828	0.1446221	72.43069	0.7376749
mid.large	0.4914286	0.1357913	74.59009	0.7372723
mid.large	0.4744828	0.1339575	73.14003	0.6920544
mid.large	0.4914286	0.1330026	72.68856	0.7228275
mid.large	0.4744828	0.1318618	71.76727	0.7330041
mid.large	0.4744828	0.1391631	70.99423	0.7298559
mid.large	0.4744828	0.1428137	71.35474	0.7184909
mid.large	0.4744828	0.1377941	73.01973	0.7156457
mid.large	0.4744828	0.1317773	71.9742	0.7349779
mid.large	0.4744828	0.1250592	73.14547	0.7183499
mid.large	0.4744828	0.129183	71.4339	0.7240948
mid.large	0.4744828	0.1403715	70.58749	0.7156828
mid.large	0.4744828	0.1354533	72.42399	0.732824
mid.large	0.4744828	0.1306365	70.73573	0.7029284
mid.large	0.4744828	0.1325886	70.57615	0.7078371
mid.large	0.4744828	0.1350392	73.10693	0.7356406
mid.large	0.4744828	0.1340674	71.99502	0.6992647
mid.large	0.4744828	0.1425095	72.55997	0.7448706
mid.large	0.4744828	0.1394166	68.98204	0.7413989
mid.large	0.4744828	0.1308562	73.1048	0.7299199
mid.large	0.4744828	0.1431433	70.56039	0.7097331
mid.large	0.4744828	0.1355547	69.88447	0.7192054
mid.large	0.4744828	0.13798	70.90707	0.7306905
mid.large	0.4744828	0.140025	71.39595	0.7244304
mid.large	0.4744828	0.13858	73.86611	0.7327672
mid.large	0.4744828	0.1454925	74.41343	0.721359
mid.large	0.4914286	0.1338815	72.0919	0.7085428
mid.large	0.4744828	0.1428052	73.52629	0.7340897
mid.large	0.4744828	0.1305604	73.28044	0.7148266
mid.large	0.4744828	0.1396363	74.01252	0.7371215
mid.large	0.4744828	0.1327407	74.95749	0.7285062
mid.large	0.4744828	0.1386138	74.44792	0.6905671
mid.large	0.4744828	0.1316928	71.11776	0.7164059
mid.large	0.4744828	0.1414109	70.85654	0.6927799
mid.large	0.4744828	0.1450108	75.0726	0.7514081
mid.large	0.4744828	0.1385631	75.40133	0.7456399
mid.large	0.4744828	0.1355969	71.42919	0.7085489
mid.large	0.4744828	0.1353265	73.09084	0.737066
mid.large	0.4744828	0.1279323	70.32626	0.7499703
mid.large	0.4744828	0.137811	74.06579	0.7399689
mid.large	0.4744828	0.1340336	73.93638	0.7514071
mid.large	0.4744828	0.1427038	73.51587	0.7199216
mid.large	0.4744828	0.1357153	70.63127	0.7128422
mid.large	0.4744828	0.1370673	71.51665	0.744207
mid.large	0.4744828	0.1356054	72.83871	0.7242098
mid.large	0.4744828	0.1310421	71.98656	0.7106303
mid.large	0.4744828	0.1361716	69.97272	0.7299184
mid.large	0.4744828	0.1357829	71.1132	0.7227648
mid.large	0.4744828	0.1320308	74.38348	0.759972
mid.large	0.4744828	0.132935	70.2145	0.7154926
mid.large	0.4744828	0.1474277	74.26671	0.7342106
birds	0.186055	0.2446771	39.08752	0.5221077
birds	0.195	0.2538388	39.12996	0.49785
birds	0.1913208	0.2362585	40.12449	0.4901014
birds	0.1931429	0.243759	38.17596	0.4981417
birds	0.186055	0.2463616	39.68599	0.5101083
birds	0.1895327	0.2305008	40.45472	0.5144897
birds	0.186055	0.250567	39.95534	0.5137798
birds	0.179469	0.2382192	43.33033	0.4956162
birds	0.186055	0.2404911	40.9475	0.5081524
birds	0.1843636	0.2351342	38.78399	0.5037165
birds	0.195	0.2481939	38.83239	0.506026
birds	0.1843636	0.2549242	39.0052	0.4889012
birds	0.1877778	0.2406	40.00279	0.498862
birds	0.1843636	0.2452567	38.49044	0.5153381
birds	0.186055	0.2544807	36.25715	0.4899076
birds	0.1827027	0.2364569	38.12292	0.510298
birds	0.1877778	0.2462176	39.14617	0.493272
birds	0.1877778	0.2545974	39.54341	0.4983391
birds	0.1827027	0.2570055	41.35247	0.5214327
birds	0.1827027	0.2409735	41.36416	0.5387852
birds	0.186055	0.245459	40.53921	0.505341
birds	0.1913208	0.2367992	43.39674	0.5008906
birds	0.1843636	0.2352275	39.80786	0.5176038
birds	0.1827027	0.2506293	41.38091	0.4873103
birds	0.1843636	0.2503725	40.39215	0.4960063
birds	0.1827027	0.2410708	41.33349	0.5064423
birds	0.1895327	0.248474	40.71186	0.4944712
birds	0.195	0.2489136	38.76892	0.4886996
birds	0.1843636	0.2456146	40.97722	0.4687623
birds	0.1877778	0.2603589	38.04273	0.5176622
birds	0.1895327	0.2293493	38.3229	0.4902641
birds	0.1913208	0.2531774	39.4742	0.4952502
birds	0.1931429	0.2364724	38.00921	0.4976843
birds	0.1931429	0.2464238	38.98088	0.5041881
birds	0.1843636	0.2571533	38.1881	0.4968639
birds	0.186055	0.2563947	41.31108	0.4858259
birds	0.1778947	0.2516368	37.67923	0.5165562
birds	0.1931429	0.2488047	44.76677	0.4821592
birds	0.1843636	0.2516446	40.67264	0.51827
birds	0.1913208	0.2437823	43.18969	0.5379195
birds	0.1843636	0.253761	44.24506	0.5067183
birds	0.1913208	0.2400243	39.9891	0.530993
birds	0.195	0.2359356	38.60088	0.5058405
birds	0.1827027	0.242234	40.28124	0.5107617
birds	0.1895327	0.247836	39.15743	0.4964398
birds	0.1895327	0.2526717	40.26943	0.5076878
birds	0.186055	0.2481044	39.47071	0.5193877
birds	0.186055	0.2457314	40.42275	0.5206082
birds	0.186055	0.2425491	42.4931	0.4999269
birds	0.186055	0.2492404	40.67528	0.509816
birds	0.179469	0.2328739	40.43406	0.4998185
birds	0.1895327	0.2390906	39.94985	0.5078284
birds	0.1895327	0.2396897	37.82757	0.5103188
birds	0.1843636	0.2461476	39.87709	0.5174867
birds	0.1913208	0.25727	38.8547	0.504435
birds	0.1810714	0.2476415	39.22972	0.517782
birds	0.1810714	0.2464433	40.09259	0.517457
birds	0.186055	0.249256	39.13605	0.5412667
birds	0.1843636	0.2415765	39.27023	0.4790907
birds	0.1810714	0.241133	38.53065	0.5252877
birds	0.1843636	0.233368	39.59245	0.4923143
birds	0.1877778	0.2471319	40.0509	0.4962585
birds	0.1895327	0.2458286	39.40987	0.5180011
birds	0.1877778	0.2391801	39.07308	0.4925887
birds	0.1827027	0.243405	40.94931	0.5257431
birds	0.1913208	0.2314423	38.94975	0.4827715
birds	0.1895327	0.2406351	36.91518	0.477039
birds	0.1810714	0.2490342	40.51377	0.5215665
birds	0.1895327	0.2374917	38.95953	0.5099631
birds	0.186055	0.2431521	38.41646	0.541997
birds	0.1843636	0.2486141	40.85331	0.5036266
birds	0.1913208	0.2493999	40.80499	0.4998751
birds	0.1827027	0.2450389	39.2272	0.4985777
birds	0.1843636	0.2432805	37.83772	0.4893259
birds	0.186055	0.2503453	40.35159	0.5157848
birds	0.1895327	0.2392657	39.34804	0.4724727
birds	0.1877778	0.2459648	39.30141	0.4907504
birds	0.1843636	0.2508899	39.29837	0.5144968
birds	0.186055	0.2466806	39.83707	0.4965454
birds	0.1895327	0.2461787	39.66162	0.4925691
birds	0.1827027	0.2609814	40.94233	0.4863716
birds	0.186055	0.2446926	41.03924	0.5114348
birds	0.1895327	0.2381725	35.73636	0.4597712
birds	0.1877778	0.2358578	40.36031	0.5067312
birds	0.179469	0.2358539	41.62628	0.5057472
birds	0.1913208	0.2408685	40.49538	0.5151247
birds	0.1843636	0.2376784	41.21943	0.5146811
birds	0.186055	0.2428914	38.50422	0.5318877
birds	0.1827027	0.2436889	39.05903	0.4962573
birds	0.186055	0.2395535	38.01425	0.4618708
birds	0.186055	0.2399387	38.32472	0.4983177
birds	0.1913208	0.2419227	39.09431	0.4932779
birds	0.1895327	0.2401877	38.6644	0.4937047
birds	0.1913208	0.2504464	40.30447	0.5039938
birds	0.1843636	0.237834	37.34629	0.5232048
birds	0.1843636	0.2429731	36.17771	0.5166014
birds	0.1913208	0.2440819	40.95082	0.519403
birds	0.1843636	0.2429809	40.15252	0.5481815
birds	0.1810714	0.2509949	40.6018	0.5318965
birds	0.1877778	0.2649378	40.61004	0.4930386
frogs	0.2824242	0.2149791	49.91356	0.6645727
frogs	0.2824242	0.2243548	46.9587	0.7035314
frogs	0.3106667	0.2283335	49.08496	0.6665541
frogs	0.2824242	0.2283704	47.30844	0.6346018
frogs	0.2741176	0.2222918	51.31992	0.6650054
frogs	0.29125	0.2221076	49.00568	0.658905
frogs	0.2824242	0.2308939	50.62472	0.710219
frogs	0.29125	0.2236549	47.47516	0.6712394
frogs	0.29125	0.2253864	46.81604	0.6517751
frogs	0.2824242	0.2132845	48.25518	0.656196
frogs	0.2824242	0.2177789	46.82262	0.7010992
frogs	0.2824242	0.2157712	48.18865	0.7109926
frogs	0.2741176	0.2231575	49.66919	0.6603345
frogs	0.2741176	0.2177421	50.5379	0.690008
frogs	0.3006452	0.2335832	52.89322	0.6959453
frogs	0.2824242	0.2231944	50.34977	0.6393558
frogs	0.29125	0.2204498	50.27813	0.631659
frogs	0.29125	0.2307834	52.54349	0.6411897
frogs	0.2741176	0.2186631	51.98164	0.6626038
frogs	0.3006452	0.2444878	49.96291	0.6910564
frogs	0.3006452	0.2203393	47.58757	0.6635508
frogs	0.2824242	0.2142423	49.00168	0.6840912
frogs	0.2741176	0.2230839	53.5875	0.6937182
frogs	0.2824242	0.2220708	51.84825	0.711666
frogs	0.29125	0.232478	45.79323	0.6641382
frogs	0.2824242	0.2096742	49.26155	0.6360373
frogs	0.2741176	0.2205235	49.41763	0.6841833
frogs	0.2824242	0.2117372	46.01125	0.6534569
frogs	0.29125	0.2228628	51.97922	0.700902
frogs	0.2824242	0.2316491	46.28538	0.7107914
frogs	0.2741176	0.2215366	47.9019	0.6661776
frogs	0.29125	0.2095268	49.2152	0.6440962
frogs	0.2824242	0.2172263	47.22008	0.7513968
frogs	0.29125	0.2224023	51.7134	0.7090666
frogs	0.2824242	0.2115898	49.93675	0.644328
frogs	0.29125	0.2184605	50.38392	0.6223328
frogs	0.2741176	0.2173368	51.38408	0.655917
frogs	0.2741176	0.2141686	47.39754	0.6330712
frogs	0.29125	0.2109267	51.53396	0.6814591
frogs	0.29125	0.2216103	48.5665	0.6187532
frogs	0.2824242	0.2198788	51.20973	0.7219064
frogs	0.2741176	0.2356831	47.92313	0.7002646
frogs	0.2824242	0.228002	53.06778	0.6713671
frogs	0.2824242	0.2315018	50.71098	0.6667882
frogs	0.2824242	0.2136713	50.28238	0.6620177
frogs	0.2741176	0.2223471	49.2006	0.6897218
frogs	0.2824242	0.2348358	49.02839	0.6084317
frogs	0.2741176	0.2230102	47.47131	0.7034643
frogs	0.2824242	0.2153659	51.35805	0.6756269
frogs	0.2824242	0.2280572	48.42733	0.6753669
frogs	0.2824242	0.2165632	49.62687	0.6943123
frogs	0.2824242	0.2317781	47.38394	0.6950829
frogs	0.29125	0.2194367	51.8375	0.6921975
frogs	0.2741176	0.2154028	49.96256	0.6613767
frogs	0.2741176	0.2310229	53.89266	0.650033
frogs	0.3006452	0.2247417	46.97693	0.6596954
frogs	0.3106667	0.2261416	47.05549	0.6497493
frogs	0.2824242	0.2220339	47.13431	0.6806187
frogs	0.2662857	0.2331227	54.1727	0.6436364
frogs	0.2824242	0.2217576	50.16081	0.6477461
frogs	0.29125	0.2228076	52.20239	0.7002068
frogs	0.29125	0.23397	49.73999	0.6696502
frogs	0.2824242	0.2082374	52.72018	0.6726655
frogs	0.2824242	0.222255	45.91971	0.7264417
frogs	0.3213793	0.2221444	50.39613	0.6458584
frogs	0.3006452	0.2066901	51.88514	0.6472873
frogs	0.2741176	0.2186447	54.67806	0.6723677
frogs	0.2824242	0.2382987	51.07605	0.6882086
frogs	0.2824242	0.2049955	50.13986	0.6110596
frogs	0.2824242	0.2249443	46.53668	0.6336822
frogs	0.2741176	0.2118661	49.69693	0.6968747
frogs	0.29125	0.2200998	55.837	0.6846033
frogs	0.2662857	0.2208735	48.73072	0.6696968
frogs	0.3006452	0.2235812	49.00758	0.6995094
frogs	0.2824242	0.2035956	52.58805	0.6713279
frogs	0.2824242	0.214666	49.06082	0.6389755
frogs	0.2662857	0.2083848	49.69586	0.658947
frogs	0.29125	0.2167842	51.29323	0.6138214
frogs	0.3006452	0.2311886	48.11769	0.6931272
frogs	0.2824242	0.2198604	47.84365	0.7152903
frogs	0.2824242	0.2224023	53.94133	0.6890869
frogs	0.29125	0.2221076	48.89016	0.703945
frogs	0.29125	0.2247601	52.72369	0.6647317
frogs	0.29125	0.2149238	45.79707	0.7219899
frogs	0.29125	0.2245206	46.05262	0.6969652
frogs	0.2824242	0.2274494	51.6161	0.666166
frogs	0.2741176	0.234891	48.89434	0.6825847
frogs	0.2824242	0.2226602	48.15539	0.6353165
frogs	0.2741176	0.2159369	48.5151	0.6301373
frogs	0.29125	0.2295677	49.47944	0.6324566
frogs	0.2662857	0.2339148	48.87911	0.6799333
frogs	0.2741176	0.2283704	48.72799	0.7178475
frogs	0.2662857	0.2217392	50.30473	0.6731911
frogs	0.29125	0.230765	51.52106	0.6459961
frogs	0.2662857	0.2252206	48.56848	0.6321213
frogs	0.2662857	0.2192709	47.28711	0.7375805
frogs	0.2662857	0.2358673	46.31362	0.6540314
frogs	0.2824242	0.2226234	51.46197	0.715379
frogs	0.2824242	0.2268968	50.21955	0.6800243
frogs	0.2824242	0.2227523	52.1979	0.6507212
beetles	0.2014519	0.3451019	41.50042	0.4768361
beetles	0.1825658	0.3480237	45.71491	0.4279231
beetles	0.2014519	0.3506209	45.57483	0.472542
beetles	0.188455	0.3475367	39.70422	0.4903422
beetles	0.1947368	0.3330898	41.19189	0.4782518
beetles	0.1947368	0.3334145	37.80799	0.5426232
beetles	0.188455	0.3352812	43.35605	0.5028266
beetles	0.1825658	0.3223764	41.41019	0.4805034
beetles	0.2086466	0.3280578	46.68662	0.4804441
beetles	0.188455	0.3354436	40.03122	0.5112979
beetles	0.2163743	0.3244055	35.26812	0.5278193
beetles	0.1947368	0.3399075	38.09275	0.5121811
beetles	0.2014519	0.339664	40.30629	0.5040777
beetles	0.188455	0.3373914	36.12295	0.4639702
beetles	0.188455	0.3455888	37.30454	0.5097313
beetles	0.2086466	0.331142	43.04699	0.5054123
beetles	0.2014519	0.3132051	37.99093	0.5147232
beetles	0.1947368	0.381706	44.08739	0.4566001
beetles	0.188455	0.3204285	40.60979	0.4810476
beetles	0.2163743	0.3230257	32.07949	0.4915478
beetles	0.188455	0.344696	39.51443	0.5205511
beetles	0.1947368	0.3445337	43.44132	0.4403642
beetles	0.1947368	0.321646	39.48192	0.4886023
beetles	0.2014519	0.3343073	36.70416	0.4843486
beetles	0.2014519	0.3319536	40.86251	0.5410509
beetles	0.1947368	0.3414496	34.65364	0.509217
beetles	0.1947368	0.3184806	35.57047	0.4875456
beetles	0.2086466	0.3591429	34.76064	0.5359665
beetles	0.2014519	0.3529746	36.48525	0.4830118
beetles	0.2014519	0.3209967	38.86246	0.5351036
beetles	0.188455	0.3338203	41.0962	0.4716245
beetles	0.2086466	0.339177	44.00124	0.4871502
beetles	0.1947368	0.348186	43.98156	0.4673669
beetles	0.2014519	0.3321159	41.44369	0.4738555
beetles	0.1947368	0.3778102	41.74158	0.4766092
beetles	0.188455	0.3495658	39.85492	0.5251815
beetles	0.2086466	0.3452642	38.45962	0.4994367
beetles	0.188455	0.3356059	35.16885	0.4801873
beetles	0.188455	0.3390959	36.04904	0.5203983
beetles	0.1825658	0.3319536	38.59508	0.5024175
beetles	0.1947368	0.3382031	37.57272	0.5149534
beetles	0.188455	0.3395017	35.68088	0.494593
beetles	0.1825658	0.3494035	35.47323	0.4910142
beetles	0.1947368	0.3417742	37.3976	0.4960592
beetles	0.2163743	0.3374726	40.07975	0.4983845
beetles	0.1947368	0.3263534	41.11376	0.5010429
beetles	0.2086466	0.3307361	37.7013	0.4963085
beetles	0.1825658	0.3433975	41.78738	0.4925821
beetles	0.2086466	0.3022482	43.53426	0.4826018
beetles	0.188455	0.3381219	38.1728	0.486344
beetles	0.1947368	0.332684	37.92402	0.5164157
beetles	0.1825658	0.3119065	37.1768	0.5132228
beetles	0.1947368	0.373184	32.97254	0.4774371
beetles	0.2086466	0.3283013	36.44051	0.4949506
beetles	0.2014519	0.3686389	41.13604	0.4543303
beetles	0.1825658	0.3334957	40.54012	0.4691608
beetles	0.2086466	0.3369045	36.47739	0.5132769
beetles	0.1825658	0.3478614	36.75884	0.5020629
beetles	0.2086466	0.3274897	39.23081	0.5300659
beetles	0.2086466	0.3270838	42.46211	0.5034458
beetles	0.1947368	0.321159	37.57272	0.492373
beetles	0.188455	0.3183995	35.68088	0.4984337
beetles	0.2014519	0.3299245	35.47323	0.4505486
beetles	0.1947368	0.3473744	37.3976	0.5085567
beetles	0.1770335	0.3557341	40.07975	0.5173272
beetles	0.1770335	0.3228634	41.11376	0.4921662
beetles	0.1947368	0.3118253	37.7013	0.4846288
beetles	0.2014519	0.3317101	41.78738	0.5303092
beetles	0.188455	0.3284636	43.53426	0.4950384
beetles	0.188455	0.3373914	38.1728	0.5419638
beetles	0.1825658	0.3382031	37.92402	0.484137
beetles	0.1947368	0.3588994	37.1768	0.499946
beetles	0.1947368	0.3524065	32.97254	0.4977076
beetles	0.2163743	0.3302492	36.44051	0.5626242
beetles	0.188455	0.3485918	41.13604	0.5147441
beetles	0.1947368	0.3524065	40.54012	0.515095
beetles	0.188455	0.3772421	36.47739	0.4559145
beetles	0.188455	0.3436409	36.75884	0.5076857
beetles	0.2163743	0.3356059	39.23081	0.5140696
beetles	0.1947368	0.3285448	42.46211	0.5325247
beetles	0.188455	0.334145	42.77764	0.4741128
beetles	0.188455	0.3617401	38.31483	0.4780793
beetles	0.2014519	0.309634	36.92613	0.5279516
beetles	0.1770335	0.2990017	33.44331	0.4803954
beetles	0.2086466	0.306631	36.09405	0.5204817
beetles	0.2014519	0.3541109	36.09141	0.5108396
beetles	0.1770335	0.352163	42.3942	0.5323334
beetles	0.1947368	0.321646	45.09858	0.4644363
beetles	0.188455	0.3287071	42.36279	0.5588752
beetles	0.2014519	0.3535427	34.53531	0.4818171
beetles	0.1947368	0.3502962	38.9954	0.5265625
beetles	0.1947368	0.3334957	31.96263	0.4860819
beetles	0.188455	0.3610097	37.20368	0.5054602
beetles	0.1825658	0.3222141	39.10929	0.4743293
beetles	0.188455	0.3365798	40.54598	0.539719
beetles	0.1825658	0.3376349	41.32304	0.5068423
beetles	0.1947368	0.3221329	39.17159	0.5199699
beetles	0.1947368	0.3430728	37.77892	0.5033043
beetles	0.188455	0.3483483	34.21012	0.5315185
beetles	0.2086466	0.3249736	39.05014	0.5147263
bees	0.3316667	0.2093887	49.8689	0.7454886
bees	0.346087	0.2114846	54.07352	0.7709106
bees	0.3618182	0.2169137	51.75841	0.7507423
bees	0.346087	0.1969647	49.64253	0.8206647
bees	0.3316667	0.2160552	52.36394	0.7658465
bees	0.346087	0.2183278	51.57007	0.744092
bees	0.3790476	0.207823	52.09647	0.8341418
bees	0.3316667	0.2184036	51.41563	0.7190743
bees	0.346087	0.2052978	51.57794	0.8023595
bees	0.3618182	0.213732	53.20147	0.7892376
bees	0.3618182	0.2075958	50.87598	0.7484623
bees	0.346087	0.2163834	55.55988	0.7305469
bees	0.3316667	0.2128734	52.13239	0.711384
bees	0.346087	0.2098937	52.15079	0.7772839
bees	0.3618182	0.2094139	51.80181	0.711859
bees	0.3316667	0.2241358	51.47979	0.8014211
bees	0.346087	0.2251711	46.54352	0.8157377
bees	0.3316667	0.2157521	49.75462	0.778232
bees	0.346087	0.2120654	56.68225	0.7235857
bees	0.346087	0.213833	50.18932	0.7231111
bees	0.3790476	0.197293	57.10201	0.8307273
bees	0.346087	0.2171157	52.37595	0.799275
bees	0.346087	0.2064089	50.08158	0.7783329
bees	0.346087	0.22757	48.05742	0.7781735
bees	0.3618182	0.2094897	50.48399	0.7476535
bees	0.3790476	0.2087069	49.96288	0.7897803
bees	0.346087	0.2164592	50.72218	0.7976423
bees	0.346087	0.2062827	54.11528	0.7882316
bees	0.3316667	0.214035	52.46006	0.7358499
bees	0.3618182	0.2212823	51.28531	0.7567464
bees	0.3316667	0.2062069	53.91204	0.742524
bees	0.3316667	0.2180753	51.17306	0.7772776
bees	0.3316667	0.203404	52.84583	0.6967531
bees	0.346087	0.2131259	51.9092	0.7429376
bees	0.3618182	0.2188329	54.09576	0.7814242
bees	0.3316667	0.2082018	47.48732	0.759006
bees	0.3618182	0.2117371	49.92233	0.797332
bees	0.346087	0.2004495	52.78985	0.7782269
bees	0.3316667	0.2197419	56.11459	0.7975034
bees	0.346087	0.2149188	55.89254	0.7789281
bees	0.3316667	0.2060302	50.72828	0.836508
bees	0.3618182	0.2296659	53.06206	0.7517993
bees	0.346087	0.2062574	53.43496	0.7340979
bees	0.3618182	0.2085806	48.41413	0.7876349
bees	0.3618182	0.2234034	48.9475	0.7624586
bees	0.346087	0.1999697	53.13509	0.7262791
bees	0.3316667	0.2217621	51.38222	0.7261041
bees	0.3618182	0.2132269	50.74152	0.7765067
bees	0.3316667	0.1951971	51.32279	0.7616611
bees	0.3316667	0.2334032	49.96041	0.7957318
bees	0.346087	0.2184793	48.06744	0.795839
bees	0.346087	0.2165097	52.8882	0.7782912
bees	0.3316667	0.2068635	49.16692	0.695614
bees	0.346087	0.2100452	50.61639	0.7871028
bees	0.3316667	0.2171157	51.60896	0.7609549
bees	0.3618182	0.2054746	48.31414	0.7457346
bees	0.3316667	0.2023181	48.60973	0.6853137
bees	0.3618182	0.1950203	48.39946	0.7925189
bees	0.3316667	0.2383778	52.16952	0.7923352
bees	0.346087	0.2068635	53.1167	0.748942
bees	0.3618182	0.2053989	50.07754	0.7834153
bees	0.346087	0.2113078	53.5603	0.7741189
bees	0.346087	0.2160804	49.53195	0.7641276
bees	0.346087	0.2062827	54.19013	0.7558424
bees	0.3618182	0.2096159	51.46961	0.756279
bees	0.3316667	0.2155249	54.72685	0.7599435
bees	0.3316667	0.2219641	48.97395	0.7649029
bees	0.3316667	0.2045655	46.98321	0.817395
bees	0.346087	0.2261307	51.66424	0.7951296
bees	0.346087	0.2233024	47.86727	0.75511
bees	0.3316667	0.2061817	54.7142	0.7044861
bees	0.3316667	0.2041615	50.66714	0.7541908
bees	0.3316667	0.2036565	52.50663	0.7125786
bees	0.346087	0.2062069	54.71391	0.8024799
bees	0.346087	0.2092876	49.58147	0.7776203
bees	0.3618182	0.2128734	54.31672	0.7562081
bees	0.3618182	0.2172925	49.66285	0.7308555
bees	0.346087	0.2216358	50.32278	0.7615756
bees	0.3316667	0.206813	52.33007	0.7534332
bees	0.3316667	0.2032777	52.88043	0.7850901
bees	0.346087	0.2126209	51.41053	0.745078
bees	0.346087	0.2155249	52.70645	0.7942518
bees	0.3618182	0.1989344	51.06793	0.7505035
bees	0.346087	0.2090351	54.925	0.7817162
bees	0.3618182	0.2099442	49.86482	0.7525006
bees	0.346087	0.2368375	50.98038	0.7481785
bees	0.3316667	0.2278225	51.32292	0.7809035
bees	0.346087	0.2174188	48.54164	0.7617278
bees	0.3316667	0.207419	55.86675	0.7833502
bees	0.3316667	0.20752	53.10853	0.784999
bees	0.3618182	0.2238327	52.32227	0.710135
bees	0.3316667	0.2217873	49.12943	0.7397034
bees	0.3316667	0.2165602	52.61343	0.7698109
bees	0.3316667	0.2089089	55.00674	0.8357468
bees	0.346087	0.2078735	50.97058	0.7689521
bees	0.346087	0.2261812	52.39184	0.8091751
bees	0.346087	0.2324689	49.49472	0.8064612
bees	0.346087	0.2131512	51.21105	0.745806
bees	0.346087	0.211232	52.47688	0.7188764
bees	0.3316667	0.2085048	51.8723	0.785904
trees	0.2994357	0.1446958	48.16563	0.6754874
trees	0.296646	0.1463424	46.62637	0.653287
trees	0.3101299	0.143893	47.91572	0.6788879
trees	0.2957276	0.1430949	47.09348	0.6568364
trees	0.308129	0.146922	47.62691	0.654075
trees	0.2975701	0.1467785	47.21378	0.6800365
trees	0.3013249	0.1447991	47.19176	0.668332
trees	0.3013249	0.1508471	48.04401	0.6722254
trees	0.3013249	0.1460722	48.10557	0.6650868
trees	0.3032381	0.1500253	47.23182	0.6717076
trees	0.3032381	0.1464776	48.39779	0.6701682
trees	0.2985	0.1458033	48.24743	0.6735739
trees	0.3013249	0.1453334	47.4893	0.6486094
trees	0.3022785	0.1492027	46.70354	0.6769088
trees	0.308129	0.1475705	48.41757	0.6788009
trees	0.3042038	0.1503222	47.24036	0.665724
trees	0.3003774	0.1441376	48.31977	0.6796807
trees	0.2985	0.1492292	47.73198	0.6794676
trees	0.3101299	0.1422541	46.93168	0.6625318
trees	0.2985	0.1479831	47.0048	0.6750937
trees	0.3013249	0.1427928	48.91549	0.6625386
trees	0.2975701	0.143069	47.80499	0.6748591
trees	0.3013249	0.1447738	48.37373	0.6759231
trees	0.2930061	0.1460923	48.54095	0.6822714
trees	0.3003774	0.1488069	48.29023	0.6933035
trees	0.3051757	0.1488599	47.43723	0.6700377
trees	0.3032381	0.1494158	47.3279	0.6650303
trees	0.3003774	0.1466033	48.17934	0.6575521
trees	0.3003774	0.1515248	47.45561	0.6964893
trees	0.2975701	0.1478359	47.53637	0.6758071
trees	0.308129	0.1486409	47.51193	0.6769552
trees	0.3042038	0.1470175	47.37143	0.6814929
trees	0.3091262	0.1470144	47.94035	0.6556874
trees	0.2985	0.1497809	46.64267	0.6647368
trees	0.3071383	0.1465342	48.2139	0.6715349
trees	0.3051757	0.1498265	46.77543	0.6720906
trees	0.3071383	0.1497116	48.65638	0.6721677
trees	0.2994357	0.1506487	47.87351	0.6687732
trees	0.2994357	0.147172	47.50784	0.6723956
trees	0.2994357	0.1476548	47.76852	0.6738157
trees	0.3051757	0.1463833	47.4027	0.6703296
trees	0.308129	0.1470747	48.32312	0.6609941
trees	0.3013249	0.1501928	47.85178	0.6654021
trees	0.3091262	0.1491466	46.99659	0.665361
trees	0.3032381	0.1484385	47.95426	0.6603853
trees	0.3051757	0.1454619	48.9852	0.6830078
trees	0.3061538	0.1507599	47.34493	0.6787589
trees	0.3003774	0.1469588	47.23922	0.6800459
trees	0.3003774	0.1476802	47.87243	0.6707038
trees	0.2994357	0.1501898	48.0473	0.6736119
trees	0.3003774	0.14854	48.13401	0.681096
trees	0.3022785	0.1462412	48.04255	0.6638064
trees	0.3013249	0.1456197	45.8262	0.6686931
trees	0.296646	0.1501572	48.01268	0.6856641
trees	0.3042038	0.1452399	46.60327	0.6687572
trees	0.3042038	0.145941	47.60502	0.654784
trees	0.3032381	0.1506224	47.74604	0.6809639
trees	0.3022785	0.1424003	47.28233	0.6688542
trees	0.2975701	0.1454389	47.74584	0.6645847
trees	0.3022785	0.146351	47.23492	0.6678017
trees	0.2985	0.1486123	47.54249	0.6730128
trees	0.3022785	0.1444438	48.81671	0.6688754
trees	0.3013249	0.1484755	48.64489	0.6566869
trees	0.3051757	0.1516825	46.78148	0.679091
trees	0.3051757	0.1479766	48.24575	0.6774094
trees	0.3032381	0.1497404	47.33563	0.6782445
trees	0.3003774	0.1501495	47.74056	0.6849595
trees	0.3013249	0.1490275	47.34431	0.6821075
trees	0.3003774	0.1472692	48.36227	0.6634556
trees	0.3022785	0.1519185	46.20813	0.6720114
trees	0.3051757	0.1475066	47.07544	0.6855353
trees	0.2975701	0.1462244	47.32229	0.6454968
trees	0.2939077	0.1486682	48.17142	0.6861518
trees	0.3071383	0.1479264	47.44297	0.6807583
trees	0.3042038	0.1513616	47.94972	0.6687555
trees	0.2948148	0.1435484	47.88888	0.6741221
trees	0.3032381	0.1471522	48.39191	0.6708514
trees	0.3042038	0.1487415	47.10723	0.6871896
trees	0.2994357	0.1468629	47.81414	0.6690112
trees	0.2994357	0.1500972	46.67165	0.6529355
trees	0.3051757	0.1502535	47.79574	0.666375
trees	0.296646	0.1434732	48.50545	0.6630131
trees	0.3003774	0.1486079	46.79565	0.6538792
trees	0.3032381	0.1478282	47.18331	0.6630536
trees	0.3003774	0.1520444	47.46331	0.670811
trees	0.2994357	0.1446835	47.14222	0.6623444
trees	0.3071383	0.1494165	47.64095	0.6791409
trees	0.3022785	0.1466493	47.10766	0.6652727
trees	0.3101299	0.1506443	46.90147	0.6622036
trees	0.2985	0.1493034	47.33381	0.6816266
trees	0.3013249	0.1448801	47.01167	0.6732178
trees	0.2985	0.1486251	46.88093	0.6517431
trees	0.3051757	0.1439773	48.83151	0.6820281
trees	0.3091262	0.1472146	47.86478	0.660244
trees	0.3013249	0.1464825	47.29888	0.6711509
trees	0.3101299	0.1486405	46.55665	0.6744906
trees	0.3032381	0.1461257	47.32125	0.6611306
trees	0.3003774	0.1494617	47.46617	0.6731408
trees	0.296646	0.1451749	47.4704	0.6524842
trees	0.3051757	0.1495305	47.49685	0.6743308
all_taxa	0.285913	0.1493014	46.6286	0.6431542
all_taxa	0.2899471	0.1447584	46.424	0.6434241
all_taxa	0.285913	0.1496285	46.6967	0.6475016
all_taxa	0.2889279	0.1468478	47.02935	0.6349535
all_taxa	0.2884211	0.14926	47.18168	0.6371231
all_taxa	0.284922	0.1492439	46.96187	0.6537063
all_taxa	0.2884211	0.1494531	47.34824	0.6493212
all_taxa	0.2874126	0.1496515	46.64373	0.6495957
all_taxa	0.286911	0.1453912	47.08764	0.645414
all_taxa	0.2879159	0.1458984	46.84445	0.6353003
all_taxa	0.2864111	0.1477221	47.97486	0.6377625
all_taxa	0.2854167	0.1477183	47.0722	0.6392213
all_taxa	0.286911	0.1479955	47.21898	0.6406685
all_taxa	0.2819897	0.1481372	47.25919	0.644166
all_taxa	0.2844291	0.1467755	47.49667	0.6478865
all_taxa	0.2824742	0.1456827	46.77097	0.6456814
all_taxa	0.2899471	0.1488911	47.19021	0.6370236
all_taxa	0.2795918	0.1506394	47.63388	0.6426137
all_taxa	0.2864111	0.149306	47.51309	0.6425636
all_taxa	0.285913	0.1484592	47.54174	0.6350461
all_taxa	0.285913	0.1463852	47.30493	0.6484367
all_taxa	0.2894366	0.1457539	47.49204	0.6550983
all_taxa	0.2844291	0.1476741	46.5689	0.6452991
all_taxa	0.286911	0.1508893	46.82781	0.6472657
all_taxa	0.2844291	0.1458009	47.26747	0.6419459
all_taxa	0.285913	0.1446032	47.66169	0.6406716
all_taxa	0.2889279	0.1515029	47.53523	0.6434631
all_taxa	0.2815068	0.1453192	47.02058	0.6447415
all_taxa	0.2874126	0.1482898	47.49916	0.6538909
all_taxa	0.2879159	0.146036	47.62432	0.6574396
all_taxa	0.2899471	0.145204	46.24773	0.6398266
all_taxa	0.284922	0.1463845	47.07022	0.6362872
all_taxa	0.2839378	0.1451824	46.74108	0.644183
all_taxa	0.2920071	0.1454966	47.77861	0.6455327
all_taxa	0.285913	0.1461998	47.55908	0.6370089
all_taxa	0.286911	0.1432506	47.61938	0.6485626
all_taxa	0.2839378	0.1516467	47.6035	0.6461707
all_taxa	0.2824742	0.1449585	46.48975	0.6462488
all_taxa	0.2844291	0.1438428	46.56894	0.6458788
all_taxa	0.2925267	0.148607	46.79103	0.6559676
all_taxa	0.284922	0.1442484	46.67973	0.6409765
all_taxa	0.286911	0.1444692	47.11632	0.6399261
all_taxa	0.2884211	0.1496853	46.91775	0.6495143
all_taxa	0.2914894	0.1457627	47.00128	0.6506854
all_taxa	0.284922	0.1479292	46.95017	0.6497201
all_taxa	0.2854167	0.1454619	46.8639	0.6459711
all_taxa	0.2894366	0.1505616	46.38982	0.6447171
all_taxa	0.2925267	0.1520001	46.86893	0.6439447
all_taxa	0.285913	0.1481153	48.31982	0.6305882
all_taxa	0.2884211	0.1516925	47.19979	0.6442954
all_taxa	0.284922	0.1470642	45.91332	0.6474866
all_taxa	0.2884211	0.1503333	47.58473	0.6524758
all_taxa	0.2884211	0.1474856	47.37496	0.6456412
all_taxa	0.2894366	0.150137	46.99587	0.6537497
all_taxa	0.2864111	0.1453432	46.97149	0.6528925
all_taxa	0.2864111	0.1483073	47.29156	0.6495244
all_taxa	0.2894366	0.1510261	47.20501	0.655599
all_taxa	0.284922	0.146762	46.82136	0.6370232
all_taxa	0.2884211	0.1476546	48.04209	0.6616993
all_taxa	0.2889279	0.1474849	46.86796	0.6483092
all_taxa	0.2839378	0.1487268	47.65496	0.6403364
all_taxa	0.2879159	0.1469365	47.07644	0.6452364
all_taxa	0.2839378	0.1443303	48.12552	0.6408244
all_taxa	0.2874126	0.1471534	47.18075	0.647243
all_taxa	0.2829604	0.1467813	47.25038	0.6441755
all_taxa	0.286911	0.1475778	47.39914	0.6497575
all_taxa	0.2894366	0.15334	47.72977	0.6388295
all_taxa	0.2864111	0.1475976	47.67713	0.6452563
all_taxa	0.285913	0.1502026	46.73339	0.635403
all_taxa	0.286911	0.1453181	46.5015	0.6427622
all_taxa	0.2889279	0.1481502	47.1329	0.6380922
all_taxa	0.285913	0.1472224	47.32492	0.6477493
all_taxa	0.2889279	0.1470289	46.66598	0.6374897
all_taxa	0.2864111	0.1470035	47.12601	0.6493951
all_taxa	0.2889279	0.1510584	46.55166	0.6543681
all_taxa	0.2829604	0.1438728	46.88173	0.6387672
all_taxa	0.2854167	0.1475447	47.30642	0.6410501
all_taxa	0.2894366	0.1503641	47.24327	0.6516707
all_taxa	0.2874126	0.1486528	47.08563	0.6369749
all_taxa	0.2854167	0.147406	47.02922	0.6409034
all_taxa	0.2884211	0.1474987	47.62412	0.646007
all_taxa	0.2844291	0.1475343	47.69699	0.6337828
all_taxa	0.284922	0.1520705	47.52194	0.6417978
all_taxa	0.2879159	0.1466088	47.32624	0.6565544
all_taxa	0.2834483	0.1492623	47.57799	0.6483294
all_taxa	0.2899471	0.1450491	47.40603	0.6410362
all_taxa	0.2879159	0.1468867	47.70206	0.6453222
all_taxa	0.2894366	0.1468429	47.30703	0.6379096
all_taxa	0.286911	0.1497337	47.45975	0.6371883
all_taxa	0.2894366	0.1494884	46.35735	0.6617356
all_taxa	0.2834483	0.1471803	45.98498	0.646716
all_taxa	0.2925267	0.1444904	46.80027	0.6482659
all_taxa	0.286911	0.1464999	46.65149	0.6461634
all_taxa	0.2899471	0.1498959	46.83789	0.646876
all_taxa	0.2844291	0.1494221	47.93486	0.6390129
all_taxa	0.2874126	0.1475135	47.5227	0.651493
all_taxa	0.2884211	0.1488664	47.13849	0.6466388
all_taxa	0.285913	0.1478528	46.00479	0.6435139
all_taxa	0.2854167	0.1472474	46.14964	0.6510404
all_taxa	0.2874126	0.1462966	47.23146	0.6385599